300
0 1
0 2
1 3
1 4
2 5
2 6
3 7
4 8
4 9
5 10
6 11
7 12
7 13
8 14
9 15
10 16
11 17
11 18
12 19
13 20
13 21
14 22
15 23
16 24
16 25
17 26
18 27
18 28
19 29
20 30
21 31
21 32
22 33
22 34
23 35
23 36
24 37
25 38
26 39
26 40
27 41
28 42
29 43
29 44
30 45
30 46
31 47
31 48
32 49
33 50
33 51
34 52
35 53
35 54
36 55
36 56
37 57
38 58
39 59
39 60
40 61
41 62
42 63
42 64
43 65
44 66
44 67
45 68
45 69
46 70
46 71
47 72
48 73
48 74
49 75
50 76
51 77
52 78
53 79
54 80
54 81
55 82
56 83
57 84
58 85
59 86
60 87
60 88
61 89
62 90
63 91
63 92
64 93
64 94
65 95
66 96
67 97
68 98
69 99
70 100
71 101
72 102
73 103
73 104
74 105
74 106
75 107
75 108
76 109
77 110
78 111
78 112
79 113
80 114
81 115
82 116
83 117
84 118
85 119
85 120
86 121
86 122
87 123
88 124
89 125
89 126
90 127
91 128
91 129
92 130
92 131
93 132
94 133
94 134
95 135
96 136
97 137
97 138
98 139
98 140
99 141
100 142
101 143
101 144
102 145
102 146
103 147
104 148
105 149
106 150
107 151
108 152
109 153
109 154
110 155
111 156
112 157
112 158
113 159
114 160
114 161
115 162
115 163
116 164
117 165
118 166
118 167
119 168
120 169
120 170
121 171
122 172
122 173
123 174
123 175
124 176
125 177
126 178
126 179
127 180
127 181
128 182
129 183
130 184
130 185
131 186
132 187
132 188
133 189
134 190
135 191
135 192
136 193
137 194
138 195
139 196
140 197
141 198
142 199
142 200
143 201
143 202
144 203
144 204
145 205
146 206
146 207
147 208
147 209
148 210
149 211
150 212
150 213
151 214
151 215
152 216
153 217
154 218
155 219
155 220
156 221
156 222
157 223
158 224
159 225
159 226
160 227
161 228
161 229
162 230
162 231
163 232
164 233
165 234
165 235
166 236
166 237
167 238
168 239
169 240
169 241
170 242
170 243
171 244
172 245
173 246
174 247
174 248
175 249
175 250
176 251
177 252
178 253
179 254
180 255
180 256
181 257
181 258
182 259
182 260
183 261
183 262
184 263
184 264
185 265
186 266
187 267
188 268
189 269
190 270
190 271
191 272
192 273
193 274
194 275
195 276
196 277
197 278
198 279
199 280
200 281
200 282
201 283
201 284
202 285
203 286
203 287
204 288
204 289
205 290
205 291
206 292
207 293
207 294
208 295
209 296
210 297
210 298
211 299
158 205 134 140 157 200 129 144 211 97 93 3 50 224 42 52 17 157 7 131 122 15 113 186 56 78 211 27 123 37 26 107 68 211 21 224 185 202 142 223 73 61 225 174 111 94 53 127 77 59 85 25 74 197 210 181 101 23 207 223 59 7 105 126 44 177 176 4 153 92 1 52 204 52 1 90 145 53 43 48 111 127 73 11 150 109 191 26 131 172 75 189 5 179 141 49 183 91 104 110 182 156 162 213 207 214 77 179 93 119 1 30 73 125 41 222 9 6 74 139 5 149 103 61 102 70 161 111 161 91 48 169 21 209 156 55 24 7 8 116 178 60 145 77 12 185 73 20 18 147 158 22 122 87 134 50 157 70 161 144 160 208 87 8 18 18 62 41 24 121 156 28 7 75 104 18 87 4 37 104 202 22 177 98 108 85 147 91 206 82 9 193 116 96 200 133 113 36 173 188 208 155 43 214 5 198 7 143 201 43 21 4 64 24 101 224 160 75 89 141 208 150 160 99 20 186 6 184 48 6 198 30 160 67 18 216 40 76 133 15 119 205 71 9 3 171 59 215 72 200 130 55 124 116 153 195 76 210 205 123 215 177 152 150 19 221 192 110 72 100 176 17 131 21 25 134 192 84 123 38 110 79 144 8 194 71 202 96 56 8 218 97 184 196 73 29 191 40 138 37 
305
63 120 41 261 33 44 229 76 130 267 207 19 133 209 15 250 94 213 251 8 86 28 112 231 140 176 145 161 93 265 10 5 204 25 70 304 182 47 141 181 220 118 74 134 139 230 200 137 266 242 211 109 42 107 303 237 177 255 285 46 49 193 196 194 113 95 114 278 67 61 116 81 272 6 31 185 223 126 243 244 301 1 14 72 79 248 92 295 64 78 289 27 216 189 241 298 62 66 286 167 254 227 282 156 142 179 206 214 186 299 123 58 13 280 143 180 96 159 293 169 135 88 57 228 199 17 217 105 132 162 281 153 73 127 60 155 77 4 215 101 233 208 146 90 69 175 195 198 12 174 83 171 283 48 160 201 131 7 151 262 178 188 35 115 202 291 91 20 263 54 164 170 24 296 124 18 226 52 128 110 197 183 50 173 150 240 287 43 302 103 56 253 163 111 276 89 34 158 149 99 232 45 184 284 87 294 165 212 154 100 98 3 258 191 203 256 246 269 122 190 275 249 236 260 26 300 257 235 270 292 68 23 51 147 40 239 192 104 238 29 97 234 168 36 157 225 221 102 210 222 65 187 290 22 71 288 279 2 55 166 245 205 277 252 136 152 84 75 85 16 273 9 37 297 305 38 106 53 224 268 144 59 274 259 264 271 119 218 117 39 32 219 108 80 129 82 148 11 21 247 172 121 138 30 125 
