1000
0 1
0 2
0 3
0 4
0 5
0 6
0 7
0 8
0 9
0 10
0 11
0 12
0 13
0 14
0 15
0 16
0 17
0 18
1 19
1 20
1 21
1 22
1 23
1 24
1 25
1 26
1 27
1 28
1 29
1 30
1 31
1 32
1 33
1 34
1 35
1 36
1 37
2 38
2 39
2 40
2 41
2 42
2 43
2 44
2 45
2 46
2 47
2 48
3 49
3 50
3 51
3 52
3 53
3 54
3 55
3 56
3 57
3 58
3 59
3 60
3 61
3 62
3 63
3 64
3 65
4 66
4 67
4 68
4 69
4 70
4 71
4 72
4 73
4 74
4 75
4 76
4 77
4 78
4 79
4 80
5 81
5 82
5 83
5 84
5 85
5 86
5 87
5 88
5 89
5 90
5 91
5 92
5 93
5 94
5 95
5 96
5 97
5 98
5 99
5 100
5 101
5 102
5 103
5 104
5 105
5 106
6 107
6 108
6 109
6 110
6 111
6 112
6 113
6 114
6 115
6 116
6 117
6 118
6 119
6 120
6 121
6 122
6 123
6 124
6 125
6 126
7 127
7 128
7 129
7 130
7 131
7 132
7 133
7 134
7 135
7 136
7 137
7 138
7 139
7 140
7 141
7 142
7 143
7 144
7 145
7 146
7 147
7 148
7 149
7 150
7 151
7 152
7 153
8 154
8 155
8 156
8 157
8 158
8 159
8 160
8 161
8 162
8 163
8 164
8 165
8 166
8 167
8 168
8 169
8 170
8 171
8 172
8 173
8 174
8 175
8 176
8 177
9 178
9 179
9 180
9 181
9 182
9 183
9 184
9 185
9 186
9 187
9 188
9 189
9 190
9 191
9 192
9 193
9 194
9 195
9 196
9 197
9 198
9 199
9 200
10 201
10 202
10 203
10 204
10 205
10 206
10 207
10 208
10 209
10 210
10 211
10 212
10 213
10 214
10 215
11 216
11 217
11 218
11 219
11 220
11 221
11 222
11 223
11 224
11 225
12 226
12 227
12 228
12 229
12 230
12 231
12 232
12 233
12 234
12 235
12 236
12 237
12 238
12 239
12 240
12 241
12 242
12 243
12 244
12 245
12 246
13 247
13 248
13 249
13 250
13 251
13 252
13 253
13 254
13 255
13 256
13 257
14 258
14 259
14 260
14 261
14 262
14 263
14 264
14 265
14 266
14 267
14 268
14 269
14 270
14 271
14 272
14 273
14 274
14 275
14 276
14 277
14 278
14 279
15 280
15 281
15 282
15 283
15 284
15 285
15 286
15 287
15 288
15 289
15 290
15 291
15 292
15 293
15 294
15 295
15 296
15 297
15 298
15 299
15 300
15 301
15 302
15 303
15 304
15 305
15 306
15 307
16 308
16 309
16 310
16 311
16 312
16 313
16 314
16 315
16 316
16 317
16 318
16 319
16 320
16 321
16 322
16 323
16 324
16 325
16 326
16 327
16 328
16 329
16 330
16 331
16 332
16 333
17 334
17 335
17 336
17 337
17 338
17 339
17 340
17 341
17 342
17 343
17 344
17 345
17 346
17 347
17 348
17 349
17 350
17 351
17 352
17 353
17 354
17 355
17 356
17 357
17 358
17 359
17 360
17 361
17 362
18 363
18 364
18 365
18 366
18 367
18 368
18 369
18 370
18 371
18 372
18 373
18 374
18 375
18 376
18 377
18 378
18 379
18 380
18 381
18 382
18 383
18 384
18 385
18 386
18 387
18 388
18 389
18 390
18 391
19 392
19 393
19 394
19 395
19 396
19 397
19 398
19 399
19 400
19 401
19 402
19 403
19 404
19 405
19 406
19 407
19 408
19 409
19 410
19 411
19 412
19 413
20 414
20 415
20 416
20 417
20 418
20 419
20 420
20 421
20 422
20 423
20 424
20 425
20 426
20 427
20 428
20 429
20 430
20 431
20 432
20 433
20 434
20 435
20 436
20 437
20 438
20 439
21 440
21 441
21 442
21 443
21 444
21 445
21 446
21 447
21 448
21 449
21 450
21 451
21 452
21 453
21 454
21 455
21 456
21 457
21 458
21 459
21 460
21 461
21 462
21 463
21 464
21 465
21 466
21 467
22 468
22 469
22 470
22 471
22 472
22 473
22 474
22 475
22 476
22 477
22 478
22 479
22 480
22 481
22 482
22 483
22 484
22 485
22 486
22 487
22 488
22 489
22 490
22 491
22 492
22 493
22 494
22 495
22 496
23 497
23 498
23 499
23 500
23 501
23 502
23 503
23 504
23 505
23 506
23 507
24 508
24 509
24 510
24 511
24 512
24 513
24 514
24 515
24 516
24 517
24 518
24 519
24 520
24 521
24 522
24 523
24 524
24 525
24 526
24 527
24 528
25 529
25 530
25 531
25 532
25 533
25 534
25 535
25 536
25 537
25 538
25 539
25 540
25 541
25 542
25 543
25 544
25 545
25 546
25 547
25 548
25 549
25 550
25 551
25 552
25 553
26 554
26 555
26 556
26 557
26 558
26 559
26 560
26 561
26 562
26 563
26 564
26 565
26 566
26 567
26 568
26 569
26 570
26 571
26 572
26 573
26 574
26 575
26 576
26 577
26 578
26 579
26 580
27 581
27 582
27 583
27 584
27 585
27 586
27 587
27 588
27 589
27 590
27 591
27 592
27 593
27 594
27 595
27 596
27 597
27 598
27 599
27 600
27 601
27 602
28 603
28 604
28 605
28 606
28 607
28 608
28 609
28 610
28 611
28 612
29 613
29 614
29 615
29 616
29 617
29 618
29 619
29 620
29 621
29 622
29 623
29 624
29 625
29 626
29 627
29 628
29 629
29 630
29 631
29 632
29 633
30 634
30 635
30 636
30 637
30 638
30 639
30 640
30 641
30 642
30 643
30 644
30 645
30 646
30 647
30 648
30 649
30 650
30 651
31 652
31 653
31 654
31 655
31 656
31 657
31 658
31 659
31 660
31 661
31 662
31 663
31 664
31 665
31 666
31 667
31 668
31 669
32 670
32 671
32 672
32 673
32 674
32 675
32 676
32 677
32 678
32 679
32 680
32 681
32 682
32 683
32 684
32 685
32 686
32 687
32 688
32 689
32 690
32 691
32 692
32 693
32 694
32 695
32 696
32 697
33 698
33 699
33 700
33 701
33 702
33 703
33 704
33 705
33 706
33 707
33 708
33 709
33 710
33 711
33 712
33 713
33 714
33 715
33 716
34 717
34 718
34 719
34 720
34 721
34 722
34 723
34 724
34 725
34 726
34 727
34 728
34 729
34 730
34 731
34 732
34 733
34 734
34 735
34 736
34 737
34 738
34 739
35 740
35 741
35 742
35 743
35 744
35 745
35 746
35 747
35 748
35 749
36 750
36 751
36 752
36 753
36 754
36 755
36 756
36 757
36 758
36 759
36 760
36 761
37 762
37 763
37 764
37 765
37 766
37 767
37 768
37 769
37 770
37 771
37 772
37 773
38 774
38 775
38 776
38 777
38 778
38 779
38 780
38 781
38 782
38 783
38 784
38 785
38 786
38 787
38 788
38 789
38 790
38 791
38 792
38 793
38 794
38 795
38 796
38 797
38 798
39 799
39 800
39 801
39 802
39 803
39 804
39 805
39 806
39 807
39 808
39 809
39 810
39 811
39 812
39 813
39 814
39 815
39 816
39 817
39 818
39 819
39 820
39 821
39 822
39 823
39 824
40 825
40 826
40 827
40 828
40 829
40 830
40 831
40 832
40 833
40 834
40 835
40 836
40 837
40 838
40 839
40 840
40 841
40 842
40 843
40 844
40 845
40 846
40 847
41 848
41 849
41 850
41 851
41 852
41 853
41 854
41 855
41 856
41 857
41 858
41 859
41 860
41 861
41 862
41 863
41 864
41 865
41 866
41 867
41 868
41 869
41 870
41 871
41 872
41 873
41 874
41 875
42 876
42 877
42 878
42 879
42 880
42 881
42 882
42 883
42 884
42 885
42 886
42 887
42 888
42 889
42 890
42 891
42 892
42 893
42 894
42 895
42 896
42 897
42 898
42 899
42 900
42 901
43 902
43 903
43 904
43 905
43 906
43 907
43 908
43 909
43 910
43 911
43 912
43 913
43 914
43 915
44 916
44 917
44 918
44 919
44 920
44 921
44 922
44 923
44 924
44 925
44 926
44 927
44 928
44 929
44 930
44 931
44 932
44 933
44 934
44 935
44 936
44 937
44 938
44 939
44 940
44 941
44 942
44 943
44 944
45 945
45 946
45 947
45 948
45 949
45 950
45 951
45 952
45 953
45 954
45 955
45 956
45 957
45 958
45 959
45 960
45 961
45 962
46 963
46 964
46 965
46 966
46 967
46 968
46 969
46 970
46 971
46 972
46 973
47 974
47 975
47 976
47 977
47 978
47 979
47 980
47 981
47 982
47 983
47 984
47 985
47 986
47 987
47 988
47 989
47 990
47 991
47 992
47 993
47 994
47 995
47 996
47 997
47 998
48 999
43 23 366 599 334 652 434 611 364 14 638 709 422 248 323 60 516 279 146 594 417 397 290 51 171 345 493 327 332 413 592 375 436 208 575 371 461 258 231 426 623 118 384 295 365 308 354 482 586 500 325 252 498 614 302 668 560 397 245 494 411 438 118 96 247 692 466 708 551 298 383 423 415 369 717 381 676 321 112 512 422 437 13 169 652 667 86 64 665 682 557 325 370 276 23 616 569 90 175 369 388 558 41 52 176 8 433 101 680 146 214 351 184 579 519 86 495 206 501 11 138 307 335 109 184 709 326 2 49 501 370 436 660 12 89 85 371 123 537 300 269 353 650 452 181 20 139 277 578 639 287 317 547 223 425 730 182 750 333 582 102 702 267 11 714 355 447 334 478 586 236 348 188 487 49 720 507 540 246 686 30 134 252 577 708 676 158 491 277 491 322 731 44 588 741 359 545 40 295 272 625 530 619 414 266 269 383 374 58 230 309 88 715 560 266 672 87 25 413 716 515 734 696 161 174 288 519 718 327 63 591 553 592 459 216 460 329 200 83 387 31 744 76 347 155 341 269 242 717 283 559 482 618 504 642 41 41 12 8 720 75 598 522 666 658 340 727 589 141 412 225 172 405 652 120 161 594 388 4 560 670 562 643 538 315 534 180 708 546 540 677 222 739 448 489 249 389 466 87 530 127 311 303 531 564 422 691 407 412 297 216 683 108 461 470 25 596 252 732 391 41 260 214 29 309 703 277 698 418 363 477 544 275 381 676 88 52 218 96 463 514 664 748 622 374 467 248 219 320 229 212 360 488 425 741 398 377 619 345 396 232 423 189 108 53 466 548 457 684 643 521 49 556 518 272 179 587 519 750 156 349 211 118 438 635 108 86 614 726 430 259 559 103 50 269 155 515 66 213 448 310 734 99 116 501 370 646 337 139 645 95 487 457 212 175 342 671 260 205 248 291 65 409 393 114 677 150 629 344 362 678 653 697 26 370 448 396 618 386 136 512 480 224 219 293 398 162 213 259 718 461 550 32 119 544 498 397 295 376 740 657 655 244 603 681 614 652 678 481 288 415 594 369 638 414 662 638 575 124 146 144 186 297 528 656 443 275 302 737 650 643 643 156 137 98 86 352 749 365 434 638 29 277 257 269 293 168 156 469 643 301 613 79 200 390 734 642 664 638 628 165 530 123 320 268 572 8 221 172 372 654 60 3 533 668 271 75 437 28 543 329 328 405 407 129 396 743 20 309 630 250 473 11 372 395 631 193 402 101 716 375 5 25 729 537 294 249 611 730 276 403 309 206 410 317 686 55 661 308 716 540 557 40 153 530 434 33 324 85 133 289 460 489 666 40 275 209 289 487 189 166 492 99 723 503 17 261 557 678 568 124 69 374 164 573 153 597 605 476 284 340 14 345 430 281 384 705 490 274 43 280 42 136 730 366 638 746 626 47 275 443 170 696 66 685 518 570 532 725 295 417 666 661 11 345 191 746 651 282 622 694 561 663 79 142 278 319 490 154 365 14 596 534 709 264 469 79 83 602 405 730 620 320 242 232 664 34 227 565 316 98 110 478 362 540 222 640 108 711 395 472 724 592 608 285 457 678 715 540 131 369 121 352 688 362 583 203 747 411 369 312 509 478 392 472 620 613 361 329 573 357 403 148 199 612 34 257 539 748 46 271 366 518 622 655 481 454 108 478 466 78 391 576 158 384 298 27 246 260 355 420 617 359 170 417 220 203 673 8 553 321 630 520 88 103 425 171 158 134 648 624 211 640 449 368 274 746 746 121 256 703 143 474 311 312 140 531 116 414 140 668 336 372 438 26 474 464 196 632 597 93 505 409 334 203 379 607 551 726 728 56 678 120 529 591 33 270 371 148 285 112 418 621 483 105 646 207 568 91 440 16 535 194 424 118 748 404 725 548 380 304 205 307 25 733 147 409 604 119 556 139 231 223 9 315 679 654 521 496 346 562 113 130 5 537 599 355 542 573 152 171 478 357 478 104 691 226 512 545 697 670 285 529 494 293 93 423 548 216 520 143 27 633 624 384 21 472 738 562 647 139 733 374 97 62 80 38 287 591 184 585 510 468 363 254 362 456 278 511 671 47 653 299 679 128 682 301 599 669 113 495 410 95 471 506 156 550 543 44 742 328 629 104 45 593 709 8 298 236 518 570 282 22 119 563 149 50 113 748 321 577 492 730 671 564 485 428 363 630 74 707 207 304 60 604 146 18 611 46 253 379 615 136 2 335 300 151 737 15 148 
1005
484 641 18 317 343 321 540 760 291 645 136 830 174 455 897 944 115 901 262 403 440 913 243 414 538 386 194 466 376 845 253 282 520 65 865 258 889 32 599 871 586 381 910 660 108 878 967 482 595 828 211 608 824 763 360 778 128 107 823 849 62 374 245 429 119 832 873 892 98 857 43 633 809 171 96 735 61 54 812 1001 610 465 116 831 52 153 649 248 409 176 233 223 170 829 580 382 937 279 624 1005 727 276 654 811 296 848 725 772 157 86 88 555 607 446 104 710 514 271 422 480 588 205 461 535 246 736 315 366 988 700 216 472 391 129 893 390 667 127 975 434 118 957 744 160 66 773 357 670 749 172 511 920 250 451 769 206 284 78 111 714 998 203 758 851 106 289 587 1003 7 344 11 167 875 526 234 657 938 690 143 983 583 843 918 718 992 846 201 155 426 209 899 301 67 134 698 397 89 785 745 358 370 283 463 537 161 651 550 188 775 74 199 576 621 432 503 777 316 860 285 542 731 272 459 12 69 59 647 856 268 430 881 562 308 60 552 219 696 659 68 695 372 767 388 652 642 976 755 923 346 939 790 168 952 965 263 800 424 49 495 683 314 623 792 16 215 273 664 713 782 295 974 703 488 399 994 331 210 407 584 121 125 787 742 34 709 57 519 835 661 900 244 808 688 572 973 101 126 547 813 396 604 756 195 387 394 21 100 968 751 436 958 278 925 504 844 251 1000 669 497 82 759 131 420 33 827 874 921 737 368 327 915 605 757 91 781 803 821 486 46 435 363 169 646 444 867 481 53 200 83 796 311 971 63 765 825 47 609 815 717 754 940 141 93 8 140 41 898 452 29 953 917 42 356 393 791 94 506 685 556 198 930 691 750 147 181 536 616 522 565 985 418 637 774 179 904 247 22 619 723 516 779 606 531 232 197 678 658 307 103 145 190 123 876 339 981 92 265 138 401 571 559 166 146 541 450 675 746 993 2 64 979 543 212 780 627 666 768 512 517 468 677 443 239 890 954 31 163 560 287 249 620 408 548 109 322 286 309 705 567 485 806 668 635 941 178 960 231 936 306 879 427 617 869 850 819 133 902 574 818 117 847 644 739 501 241 483 529 934 507 598 441 438 653 213 591 242 984 738 97 615 908 348 144 336 702 515 260 79 474 457 222 332 810 302 113 771 638 581 15 837 799 323 508 149 577 345 1 942 752 964 732 786 643 870 364 431 45 400 395 487 303 716 995 852 895 467 191 884 237 680 310 671 684 499 990 14 820 398 4 697 235 834 1004 27 729 707 493 416 882 807 477 962 631 304 402 743 545 256 532 214 822 906 226 513 982 419 70 579 935 593 932 855 369 240 405 184 470 193 148 324 378 261 753 969 156 789 933 966 959 872 333 275 523 863 132 885 502 521 460 766 71 554 629 880 112 922 578 681 325 318 907 764 39 130 489 50 662 788 359 320 999 349 120 298 154 475 762 341 640 158 980 634 613 76 421 566 861 102 351 334 618 377 663 883 722 269 919 202 464 632 137 733 676 81 648 891 337 329 150 761 257 916 313 630 90 299 682 238 945 558 413 385 603 585 392 575 694 412 135 866 894 656 330 305 280 978 734 229 406 838 492 589 192 208 267 476 162 602 912 139 842 175 326 950 114 24 997 36 741 10 3 528 254 802 300 868 95 347 625 509 281 783 564 987 453 544 626 17 996 186 292 37 730 478 40 530 914 274 747 568 989 991 462 740 986 404 99 601 597 187 724 479 48 841 433 858 886 152 793 836 706 415 498 798 600 490 701 679 801 30 518 494 561 549 164 5 38 955 183 266 590 35 826 557 551 367 373 853 947 592 218 264 353 207 25 350 442 972 612 928 379 926 204 491 505 628 449 425 252 862 948 362 686 708 977 221 73 142 859 614 189 956 56 55 673 352 573 410 949 636 122 672 909 224 447 340 903 51 814 230 674 294 1002 220 236 361 961 692 75 182 500 546 80 448 124 539 165 293 196 720 839 20 496 151 270 963 177 525 26 456 471 721 943 931 28 864 927 784 469 805 726 319 650 77 335 328 776 9 217 689 748 770 84 72 180 354 924 569 596 383 711 699 227 173 687 423 259 87 105 887 911 454 563 553 704 355 58 185 795 338 44 728 833 712 719 159 840 277 896 693 13 715 951 816 622 445 794 817 594 380 533 473 225 655 110 23 365 854 905 417 929 384 297 970 375 570 524 888 804 437 458 534 639 6 411 389 797 342 527 288 19 877 439 312 290 510 428 946 611 665 582 255 85 371 228 
