400
0 1
0 2
0 3
0 4
0 5
0 6
0 7
0 8
0 9
0 10
0 11
0 12
0 13
0 14
0 15
0 16
0 17
0 18
0 19
0 20
0 21
0 22
0 23
0 24
0 25
0 26
0 27
0 28
0 29
0 30
1 31
1 32
1 33
1 34
1 35
1 36
1 37
1 38
1 39
1 40
1 41
1 42
1 43
1 44
1 45
1 46
1 47
1 48
1 49
1 50
1 51
1 52
1 53
1 54
1 55
1 56
1 57
1 58
1 59
1 60
1 61
1 62
2 63
2 64
2 65
2 66
2 67
2 68
2 69
2 70
2 71
2 72
2 73
2 74
2 75
2 76
2 77
2 78
2 79
2 80
2 81
2 82
2 83
2 84
2 85
2 86
2 87
2 88
2 89
2 90
2 91
2 92
2 93
2 94
2 95
2 96
2 97
2 98
2 99
2 100
2 101
2 102
3 103
3 104
3 105
3 106
3 107
3 108
3 109
3 110
3 111
3 112
3 113
3 114
3 115
3 116
3 117
3 118
3 119
3 120
3 121
3 122
3 123
3 124
3 125
3 126
3 127
3 128
3 129
3 130
3 131
3 132
3 133
3 134
3 135
3 136
3 137
4 138
4 139
4 140
4 141
4 142
4 143
4 144
4 145
4 146
4 147
4 148
4 149
4 150
4 151
4 152
4 153
4 154
4 155
4 156
4 157
4 158
4 159
4 160
4 161
4 162
4 163
4 164
4 165
4 166
4 167
5 168
5 169
5 170
5 171
5 172
5 173
5 174
5 175
5 176
5 177
5 178
5 179
5 180
5 181
5 182
5 183
5 184
5 185
5 186
5 187
5 188
5 189
5 190
5 191
5 192
5 193
5 194
5 195
5 196
5 197
5 198
5 199
5 200
5 201
5 202
5 203
6 204
6 205
6 206
6 207
6 208
6 209
6 210
6 211
6 212
6 213
6 214
6 215
6 216
6 217
6 218
6 219
6 220
6 221
6 222
6 223
6 224
6 225
6 226
6 227
6 228
6 229
6 230
6 231
6 232
6 233
6 234
6 235
7 236
7 237
7 238
7 239
7 240
7 241
7 242
7 243
7 244
7 245
7 246
7 247
7 248
7 249
7 250
7 251
7 252
7 253
7 254
7 255
7 256
7 257
7 258
7 259
7 260
7 261
7 262
7 263
7 264
7 265
7 266
7 267
7 268
7 269
7 270
7 271
7 272
7 273
7 274
7 275
8 276
8 277
8 278
8 279
8 280
8 281
8 282
8 283
8 284
8 285
8 286
8 287
8 288
8 289
8 290
8 291
8 292
8 293
8 294
8 295
8 296
8 297
8 298
8 299
8 300
8 301
8 302
8 303
8 304
8 305
8 306
8 307
8 308
8 309
8 310
8 311
8 312
8 313
9 314
9 315
9 316
9 317
9 318
9 319
9 320
9 321
9 322
9 323
9 324
9 325
9 326
9 327
9 328
9 329
9 330
9 331
9 332
9 333
9 334
9 335
9 336
9 337
9 338
9 339
9 340
9 341
9 342
9 343
9 344
9 345
9 346
9 347
10 348
10 349
10 350
10 351
10 352
10 353
10 354
10 355
10 356
10 357
10 358
10 359
10 360
10 361
10 362
10 363
10 364
10 365
10 366
10 367
10 368
10 369
10 370
10 371
10 372
10 373
10 374
10 375
10 376
10 377
10 378
10 379
10 380
10 381
11 382
11 383
11 384
11 385
11 386
11 387
11 388
11 389
11 390
11 391
11 392
11 393
11 394
11 395
11 396
11 397
11 398
11 399
65 12 158 286 281 151 120 114 14 1 262 299 179 204 191 191 152 207 246 16 89 215 275 142 285 43 251 201 259 168 254 75 231 111 60 212 13 231 25 26 231 287 24 110 242 267 52 146 173 49 161 14 263 187 155 299 229 157 251 239 24 204 13 255 66 125 218 78 55 242 155 286 280 231 147 222 197 250 119 121 299 279 186 13 217 41 12 145 197 14 83 273 218 147 279 35 271 196 113 78 189 19 115 169 249 261 142 197 262 260 70 12 290 255 25 206 47 88 102 296 101 236 268 70 82 298 105 105 193 269 234 81 39 48 1 288 60 142 236 21 101 57 33 142 12 109 47 58 248 200 53 48 135 72 170 269 69 26 73 13 294 58 146 32 105 198 71 216 40 59 236 192 115 20 34 126 180 132 236 127 32 40 227 166 164 96 134 284 121 258 49 166 67 194 197 171 91 20 86 182 78 74 74 192 145 159 70 25 290 5 151 21 96 129 239 259 224 124 295 44 134 43 209 200 236 158 71 78 177 208 12 6 281 85 197 126 295 18 202 284 74 104 57 170 233 295 180 208 118 174 252 251 216 212 203 203 121 273 33 49 232 44 54 213 180 3 90 174 20 43 209 146 146 265 15 130 259 246 38 129 172 41 131 87 4 33 42 125 57 74 173 289 169 279 253 100 33 42 273 52 136 181 249 281 198 263 163 208 261 200 36 132 240 219 270 243 251 11 119 60 136 44 48 56 22 300 155 54 93 127 157 228 60 106 260 257 120 122 164 80 73 252 263 64 170 233 59 172 295 177 231 183 220 30 238 293 29 93 46 173 271 255 152 30 60 112 38 231 285 254 11 110 205 25 173 126 257 231 297 4 160 280 186 79 9 123 72 90 215 169 14 186 123 166 267 234 29 5 165 13 
405
246 107 209 161 338 133 268 316 362 38 294 311 250 392 129 145 281 384 379 182 103 57 322 224 155 104 339 143 324 337 89 123 270 277 91 364 176 136 215 305 287 48 325 53 345 327 216 368 317 183 236 220 106 361 366 109 389 198 231 243 352 273 18 140 298 36 61 363 29 255 194 376 33 41 235 214 262 222 233 323 165 237 213 79 334 173 393 47 49 152 297 260 203 6 342 87 201 383 98 218 35 95 348 31 332 60 284 40 37 137 185 318 59 86 340 83 30 280 227 153 14 293 373 385 335 149 403 241 166 349 249 232 370 62 75 192 3 369 291 195 313 174 271 292 240 402 67 170 257 169 286 296 196 320 309 184 285 27 197 65 126 314 272 78 178 331 212 52 7 256 375 112 73 228 401 50 171 58 382 100 64 127 119 321 219 43 312 56 358 157 264 211 386 93 252 239 139 276 44 13 357 187 159 5 15 365 400 234 23 156 199 2 115 351 142 177 164 307 380 19 205 118 377 387 267 191 148 85 162 225 319 42 367 223 207 396 404 289 188 371 326 114 77 121 248 359 55 399 210 82 346 299 17 70 354 343 204 10 134 99 68 254 24 372 135 72 1 179 158 253 144 138 304 25 20 266 116 141 122 282 221 394 172 154 347 76 131 113 295 336 117 208 186 146 315 390 261 274 200 310 160 350 4 8 328 238 329 193 288 130 259 360 110 251 125 71 88 395 356 247 9 12 96 45 398 128 306 21 217 151 163 11 39 189 269 245 388 242 90 353 34 283 28 102 80 300 378 167 244 124 279 84 105 301 308 46 120 81 355 381 344 258 97 226 206 63 101 397 180 278 405 111 147 230 32 341 175 132 94 168 229 374 391 51 330 181 92 54 108 263 69 66 202 74 26 303 16 265 22 190 275 302 333 150 290 
