100
0 1
0 2
0 3
0 4
0 5
0 6
0 7
0 8
1 9
1 10
1 11
1 12
1 13
1 14
1 15
2 16
2 17
2 18
2 19
2 20
2 21
3 22
3 23
3 24
3 25
3 26
3 27
3 28
3 29
3 30
4 31
4 32
4 33
4 34
4 35
4 36
4 37
5 38
5 39
5 40
5 41
5 42
5 43
5 44
6 45
6 46
6 47
6 48
6 49
7 50
7 51
7 52
7 53
7 54
7 55
7 56
7 57
7 58
8 59
8 60
8 61
8 62
8 63
9 64
9 65
9 66
9 67
9 68
9 69
10 70
10 71
10 72
10 73
10 74
10 75
10 76
10 77
10 78
11 79
11 80
11 81
11 82
11 83
11 84
11 85
11 86
12 87
12 88
12 89
12 90
12 91
12 92
12 93
13 94
13 95
13 96
13 97
13 98
13 99
39 8 47 9 46 66 18 59 41 2 21 2 73 13 7 26 23 5 13 43 19 16 67 8 60 61 36 38 53 14 73 17 22 44 2 67 35 71 27 52 72 25 31 46 37 37 72 36 41 61 56 36 54 47 43 15 9 4 29 61 69 26 54 67 47 55 58 58 51 62 11 24 11 41 70 24 3 43 60 20 5 40 56 35 63 23 49 48 3 55 10 72 5 64 63 28 43 23 62 70 
105
99 86 12 49 94 19 101 34 33 90 72 18 21 81 83 70 14 62 28 39 66 87 36 97 43 50 77 17 7 68 95 32 25 44 75 10 92 64 1 4 103 89 41 30 13 9 22 31 46 11 82 27 63 52 59 20 3 104 23 67 71 98 57 54 53 78 88 37 84 42 85 2 65 15 5 40 55 80 96 60 79 61 47 29 69 74 24 48 38 102 6 73 56 105 76 58 100 35 45 51 26 8 16 93 91 
