10
92 26
40 68 53 26 84 49 32 3 37 25 46 6 66 38 77 64 85 15 54 76 51 87 8 2 17 56 63 31 12 35 57 4 50 90 92 33 34 48 19 78 83 24 70 11 52 81 22 16 75 45 82 23 67 14 73 29 88 13 72 65 36 7 59 91 79 20 21 80 18 47 55 60 1 62 28 42 30 89 10 69 71 74 58 5 41 86 27 39 44 9 61 43 
62 75 37 84 2 80 8 50 66 87 76 79 54 92 78 4 22 33 49 25 61 48 81 30 57 35 23 59 83 5 82 34 27 74 21 26 60 18 42 52 70 68 47 51 45 64 41 53 28 19 39 38 90 3 73 71 31 36 56 46 24 29 69 16 67 88 7 89 6 44 40 1 14 85 72 86 32 10 9 65 13 12 43 91 63 58 77 11 20 17 55 15 
56 45
31 5 15 38 21 19 17 23 7 47 43 49 29 3 53 16 52 41 4 13 12 6 26 27 18 40 28 32 56 30 1 37 8 54 25 44 9 51 22 42 55 39 10 20 46 33 24 2 35 11 50 34 14 48 45 36 
48 18 9 46 39 30 10 3 34 21 20 55 19 36 43 6 24 17 12 7 35 41 26 45 13 5 16 38 33 52 54 49 28 1 29 53 47 15 11 14 8 4 40 25 51 44 27 22 23 56 37 50 2 32 42 31 
15 8
5 8 10 9 11 12 3 15 2 6 4 13 7 1 14 
6 4 14 2 11 7 10 5 3 13 12 15 1 9 8 
5 1
2 1 3 5 4 
1 3 5 2 4 
61 34
21 39 25 30 1 60 17 38 33 36 7 61 2 19 44 15 28 31 26 55 8 47 18 56 27 43 12 52 10 49 20 4 6 53 14 57 35 42 34 13 54 59 5 41 3 24 9 16 58 37 32 29 22 51 50 45 40 46 48 23 11 
19 52 23 13 32 51 31 47 10 30 17 11 20 43 14 18 21 15 58 26 16 29 35 34 24 40 22 5 6 55 59 50 56 7 44 28 36 39 12 38 49 41 3 2 53 27 42 60 33 45 61 1 37 4 8 9 48 54 57 25 46 
14 0
5 8 2 13 6 9 14 1 7 12 10 11 4 3 
11 2 9 10 12 3 6 13 1 7 14 4 8 5 
67 32
56 26 2 15 6 16 48 51 9 64 5 39 1 60 59 24 57 28 36 7 66 3 62 61 58 29 13 42 55 23 25 54 12 41 8 67 37 43 19 33 31 34 53 10 44 18 32 30 4 63 27 22 47 17 35 14 45 46 50 38 40 49 65 11 21 20 52 
61 1 54 34 22 60 30 25 10 64 29 63 50 4 46 23 2 9 5 6 43 13 36 56 41 49 15 40 66 57 28 14 8 20 38 26 52 35 7 33 58 24 18 53 32 17 37 62 55 47 44 3 27 42 67 51 48 21 39 16 31 11 12 65 45 59 19 
3 1
3 1 2 
1 2 3 
99 97
56 86 83 36 34 59 67 5 61 41 62 33 93 77 80 98 32 66 2 51 24 18 72 30 35 58 50 63 7 82 25 20 17 52 13 92 49 73 40 42 53 14 31 90 60 1 27 22 81 47 91 11 70 69 10 96 37 23 44 15 74 28 87 26 85 84 55 78 19 21 99 8 29 88 97 38 64 6 65 94 68 9 46 4 48 57 54 79 16 75 89 39 76 95 45 43 3 71 12 
34 8 7 31 89 26 71 67 21 38 63 4 27 3 37 85 99 5 16 13 93 2 61 46 69 82 65 50 94 36 12 80 70 56 75 62 39 58 79 90 81 57 77 23 25 84 29 60 92 76 86 51 19 74 96 24 66 18 72 43 83 91 98 15 53 49 28 55 47 1 9 48 22 68 45 54 52 10 14 88 87 30 6 44 41 32 95 20 78 35 33 73 40 59 17 97 64 42 11 
95 65
59 20 48 10 72 12 65 71 14 83 39 68 74 33 54 53 40 79 62 90 56 27 75 21 46 7 73 63 6 28 11 61 8 49 43 37 24 15 41 69 76 17 47 1 60 2 31 64 5 93 34 51 80 77 18 87 58 78 19 13 91 32 52 67 38 9 84 25 55 36 95 94 35 16 50 3 89 30 44 57 66 22 81 26 85 70 82 23 45 42 4 88 29 92 86 
92 19 90 35 23 15 68 26 28 40 44 29 6 65 3 48 17 9 34 51 43 50 69 81 4 59 45 89 39 38 10 41 80 31 66 91 86 11 42 21 55 36 54 27 76 94 88 13 67 71 52 37 24 32 79 47 74 57 72 78 60 63 61 20 58 18 56 82 73 70 22 95 84 85 25 46 1 14 5 16 12 93 64 8 77 7 62 75 87 33 49 2 30 83 53 
