773 21
2364 838 3499 875 3426 2362 3164 9507 8307 8030 7352 6117 7890 2432 3373 6104 5488 3113 809 8395 150 767 7525 951 9656 1417 1166 4953 6326 5097 3502 8709 8420 3847 3065 8830 4158 601 9088 2894 4522 5489 2666 3557 8821 7323 2277 5093 3164 1243 770 950 3664 3282 2694 4410 2333 9526 4309 5813 6351 606 3418 1784 5259 7593 2907 2708 8641 5961 8139 6526 9161 5329 3056 8718 5484 1773 2250 5026 2577 4750 145 4381 7208 978 6599 3149 8731 4986 4222 3894 1354 2054 7766 9357 2774 9581 9650 156 8652 462 7237 324 9611 1951 9450 6713 4304 3543 9367 3491 8689 2024 356 8480 4685 7816 3713 4536 9247 2180 2028 5942 8621 7388 3805 3625 700 5910 3813 7369 7597 3441 6102 1633 1109 6911 8845 7327 6239 5294 1655 2080 8528 2384 1130 1373 8779 8060 4029 6647 169 318 5929 687 325 6208 6603 5509 9572 700 4989 6755 2369 3636 5833 2117 9115 8511 4502 6950 48 2816 863 5892 3382 8468 3421 4419 8760 653 6091 7454 1170 6914 4080 1034 6605 5288 5755 2967 7270 8966 2718 7345 8175 5101 7308 4642 7248 8869 6867 9865 2808 517 7100 4158 5054 4588 1776 8993 981 4053 6422 1400 8691 6728 3663 8096 9157 6461 1796 4481 4581 3728 1007 8349 7174 6909 9823 6049 5735 7902 9178 5446 9976 3879 803 4625 7363 6069 6362 4233 2195 4125 4604 6523 6931 4231 4465 4029 3250 9283 6924 5301 5387 143 9560 600 5093 8709 5157 769 8260 3363 4566 36 8378 5016 805 9808 7642 2440 3971 6434 6635 2891 1456 6186 860 5001 6245 3709 1103 1925 1471 6505 6959 1697 210 8440 6078 6485 4960 6043 9424 632 4378 3147 4488 8237 7269 7660 805 4904 9393 6799 7713 2741 9137 7719 1143 8906 7034 7693 3530 6369 2023 6447 4163 5613 144 5332 8858 3988 8423 1205 1341 8392 7153 607 644 1913 8422 5947 709 7136 8994 9568 8146 4594 19 2616 1500 7090 8881 5797 9742 2587 4366 6544 6752 8626 9530 7587 5771 9566 2410 1120 536 5567 8026 356 7334 6790 8870 4946 916 3388 2583 523 6613 7763 3410 8134 287 2002 5769 3886 8380 6894 5480 142 1631 3784 4225 4795 4709 9781 6809 7846 6206 1387 7300 9055 3262 3280 1072 4911 5728 88 6819 9373 1114 5496 8318 1472 6453 1841 8792 3181 2909 9772 8394 6269 8728 145 8700 8509 1149 5254 4600 8305 9183 6247 751 8678 594 6887 2358 9430 9937 9004 4231 4956 6958 6916 1705 6501 2657 628 8818 5499 2467 2660 6434 7828 8833 5536 4401 9805 4180 1909 63 3185 5798 8323 1620 6410 7698 461 2777 7194 5836 3453 702 2851 6043 3677 1321 1761 9383 6368 120 9959 3282 2206 7311 1080 5237 4370 9652 1001 413 4174 8634 4746 7006 7268 9146 786 8153 1869 117 4782 3874 6082 1219 5177 6628 5780 1835 5699 3666 1583 9133 7766 578 7281 909 5864 9575 4217 1864 4339 9879 9959 609 536 6597 757 1091 8745 8741 9108 6168 1236 302 1637 6775 5827 9063 70 1765 6114 3526 9794 1902 7593 314 4390 5551 5597 178 2920 5508 4989 9507 1528 366 6905 9276 1158 6145 6780 3902 6336 7897 3527 1377 5611 8880 8246 5662 3530 3717 9536 218 7525 4020 4764 6848 7999 6875 1934 7312 4681 3017 792 1253 932 6465 6167 6636 8092 3960 9228 8771 3659 4769 5582 8001 5774 1767 7497 2402 1391 5335 6408 8866 7740 5349 7579 2641 8948 2441 8221 895 6068 863 5648 7636 1179 5327 8175 6175 1026 4275 481 5442 6105 4412 5290 2465 3115 7042 1676 6345 8169 6452 2643 937 7387 8118 1889 6380 1661 3131 6931 4958 9034 8564 7094 1770 6534 4403 5608 7408 7795 5875 9304 7006 5946 1414 7267 9640 9795 3233 2310 9978 2092 731 5375 4791 3188 6028 9470 1562 6185 7483 1197 7289 302 8322 2241 5199 499 1602 9186 7663 326 9179 1044 2466 6272 8108 2878 1601 9794 6508 8128 1331 1976 1150 2501 6935 589 8887 4217 5595 9718 1225 4029 6136 598 8730 3062 1058 4862 6858 7429 1695 2559 9033 5410 6716 8641 9728 7015 5881 1942 4411 8752 8572 9311 8406 1866 455 38 1460 4671 366 6945 7941 3939 105 8165 1404 8211 1127 5565 2749 6830 4642 29 5985 2716 8190 9138 2427 1513 8746 3224 377 182 747 7137 5254 863 313 4713 6887 8401 8233 3466 3864 7087 7808 3463 9116 9551 5584 
5 10
8 10
3 3
7 8
7 8
7 9
5 5
10 10
1 9
10 10
2 3
10 10
7 7
10 10
9 10
6 8
8 10
5 7
8 10
9 10
3 3
