87
40
296594280753 438874956243 41704417157 60517814614 815047916283 49132551869 47004218183 174472049378 488625120295 990809377879 743770693796 416271446272 387008501964 610443755304 945684988541 726775168683 822746780779 686532292719 841854264866 813901475671 545854362202 650550240551 359123001693 447521405713 766301358087 590266286173 583784162932 152259164260 247058504652 496973401392 486987199966 738308122106 183584915290 518667548670 580776697944 275282174649 177754454657 123888344235 728284773071 769856692147 
42
63289079174 516471104895 728841623146 379561726857 964116082551 950794776121 383526059474 862802997743 1298143877 586739579109 522154785126 948270744537 182289291159 509863372367 245651609884 990211082327 121601163952 618733920002 91010192167 32882587547 123909143814 689751772167 507510340272 387302788000 793441332890 570854730080 993082034088 462020083992 262259687159 392260220951 258398051138 870765079261 865610785175 465683308051 743434939234 592163343107 915149174774 569751951295 10848933713 797632550418 303547668286 382604645934 
21
38768184652 857747878524 151907447738 936983482778 786576100645 810930180744 719866417895 853590121797 963912567134 107593702153 509807239722 608020628679 532157857885 900593753146 321948807402 886557827734 916736378193 674555330752 988784456225 863002292136 243426123973 
24
939699431930 2369542988 705431958704 142292626169 515378907363 15183330951 42883383381 344337042846 969854069964 988018419553 181326787797 463659798372 852332039994 874564325454 972598422605 676278065357 159125568052 298120290214 647596093292 448833053637 991309336634 805642195144 335181590802 455559171881 
43
316435332892 382737151519 355794408666 924857959401 782636472387 850210713196 25074098156 676021325248 504676466232 10249285009 654983526491 565888308880 185040242903 433039595480 467961295705 675375684893 512092998084 523727566537 272550124927 769005290508 442901627381 326293031665 879418047620 853838712624 554398485859 525681605334 776839669992 943841072544 19909101633 252159929198 785012721062 536584060587 568713132581 268775809851 494809910134 767224365965 387595949696 63843609470 369353330302 591710132680 793685179723 22240586584 246854321402 
3
848914012840 960869484957 5923079599 
43
268403717035 598337440638 107995123632 718120510419 617739290323 870176392116 46979078313 874344192635 355483818884 873453193320 916885185144 374284343765 794238112468 186709830500 305452448150 691662565258 701166539075 164027193081 794324305057 595913267643 610032133999 568162055877 707379117581 515007584046 34565345094 876160576717 839881558654 710111119304 418652049489 849794657649 92042644573 229897621837 404923064665 566645987027 547944442939 794768961607 216883531797 880823547860 348255625316 912764377580 714886145075 516739364591 564471345173 
41
134435436934 498292326100 381081328572 639625002346 668733149956 592202736315 737695700083 675005050275 884404484822 469222465989 385839818639 97944973208 757393525000 105806814096 762235724066 154412707906 292354102642 889227754786 357100997859 804057596027 303613824413 799369196311 580068962801 607176433856 130705976423 185279714821 118687526597 509749600051 487389225015 541977906543 616877078918 589512245238 282055677651 410711276690 959917050917 694225951702 239445335488 476278250586 206735076065 533022784253 627008671673 
46
276125356699 409754105410 311151865071 955952867270 638222968079 582548247111 741854029242 60927098065 956644062212 198049924722 62215297232 389715870534 160809479421 919565029384 649301428327 97138786050 998139679723 181255594436 380262635426 658836559733 422575978632 853649332515 442541674070 36606197889 274721814888 868494986601 540245109660 390318062962 691969077095 243882349206 200096173091 185623063387 537246399575 169847321165 255963189075 438555865494 94540052146 804347009134 67178481288 56252585621 199684353567 705471841368 621018784891 274271496026 235713491151 685923556299 
42
544969990881 201481528128 799278841544 280556660949 403584011213 184599527188 159735598300 10278798626 402933935249 206322249802 647291055391 840115154786 478800179110 682490016877 321840019226 857345010651 190641455906 643268702273 909594637471 296315694300 38963203872 183872539666 371639276446 170704829307 327478278995 840883832853 950827123710 358253095813 220727617833 647199377920 953902103587 88581625476 873578003119 959901890201 593818009724 438274993760 510946653498 547055570602 985317366353 735794478197 260128195291 620281417091 
47
224120992164 137210741033 507153871924 774400704870 784871288412 604505040442 275054439680 508690548346 258792367285 799501042687 794093411371 459392370131 565539751272 207164458777 487518468908 728820437003 939400838227 450674584856 213663899696 767252040429 274042624012 363960204057 348138693517 965401740420 512516120162 50882047251 439706628162 517800045916 468376055728 271058522438 515425437497 92214194001 867904949082 150927707344 375970621312 572071318040 892618987785 318152316576 99843455731 615436009499 98112415446 136843211617 879385134947 234333201033 844462858129 320707814328 226932472202 
14
752551046204 756789268459 834551162392 963407240547 612503183896 362566809202 453034801125 456179847704 532638973864 270997931695 567259951062 136244081809 991495307292 155286023771 
29
158535337123 356295556254 829713129578 369462746952 396513977096 874442575535 17490544275 440013973549 560985924913 640447179406 201050551412 9798684137 27828425847 351404908708 631914178675 668287648608 990783880990 950165196767 586296679290 936417112973 566433097882 396761225029 781397912954 500488787137 276048693326 495169479263 511835484795 387997343539 536124869633 
2
978421519179 682192744927 
21
501460442113 240800775714 579480765705 701677819672 239743892977 691187972572 331686745758 834484540936 546278104733 438523884012 382065324177 171943086727 544815282790 258373988917 282405632758 10228188216 965063358077 911553241867 796484566887 825274754834 1240438118 
11
832732539189 79745135694 986053087903 687690370700 248099584239 253635800647 680473582822 753808445429 713648989481 543553002967 367223429917 
38
703382415091 975926811510 719675021110 941171126333 931185160673 559967871816 302928891863 212689368740 486476475013 544495113661 400412093388 404847278460 477083434711 276025148200 505228083963 86057774825 273202259891 956034905669 956151180842 970461379576 772667756780 107916345671 373459680454 324980944955 557307515610 476786374107 529667580312 615265967981 96618497019 527969571304 488011450852 975832047186 755872327809 170070167661 286759818162 785162974976 619884610430 750956792515 
33
461455138886 953475838339 754519461147 133572877129 752015652339 186905437879 937614261048 397747242609 806400800722 462201541950 799768663180 463588439170 18829024909 744818372024 194314579428 261769506295 514435331132 590281333667 13226261671 946522746481 96067479983 952868410926 548019211577 157306642007 711052690809 931463402626 193271830377 881188850495 592821947924 849753849487 590584328827 645429981607 678084713567 
14
580112268157 224814096929 639292965852 324699977620 305876543793 607826426785 551492150823 160551853756 261451214146 430937166883 221709426123 976821429885 627577084861 237172627133 
15
846109526246 747009101800 604511567767 649970804697 566069467756 731844153743 402365861585 793405016083 877133157054 888378329160 833504230797 5236922257 847592305913 273885613966 948595324230 
32
372062118528 71326061981 222769332953 822173559391 433793328762 122848954333 3133361117 855640610813 67069482619 404920675408 975020430649 619212750118 943503758234 58064218807 165026044125 449499065358 953010679701 943589423903 625951081506 276061292929 651692311835 123419618317 693856745821 686262114675 43693891143 321646279931 613034031461 47880491045 387138268403 206170915430 892953251368 576292245606 
33
881559481424 28321738559 473926838120 207167023193 659688690183 857509253130 85269271419 588558618771 19866322076 392072280449 128233041968 87661759773 118929394828 919583784087 528625245766 340265060307 665866814629 755969889185 642119013703 216104493400 85398903505 623181461296 161867830863 108124015107 673538086325 682316930302 461502823816 13098591452 202519156116 970574777442 144613504421 412649544428 934591303631 
46
548623283789 759185532232 923530197195 64860315239 807882784964 892435801046 62750441564 673772170359 597254930500 673353654508 310192265005 105999392377 200955661464 591183406382 649111790953 33484448069 332458655275 301123722927 412667591169 888111521195 816644369146 617730962858 338371698793 15460154312 591057633525 582522759614 602562372011 122778908527 479017090134 972674445046 758306697334 296645470068 156391196989 422314330684 510206505349 776183546400 112196538180 856424964418 383307067889 564726631304 995333239411 357404072543 127798369625 696303548923 155793062186 172009917664 
28
699675601579 132195124202 301303486914 245290589209 368704790953 128019283606 986062907260 297702341916 743880079052 649902018695 162619796332 141871681726 989594883293 812935085458 422234216819 678615355915 950233389918 268333019835 628086574587 956269555712 186750881593 748745153345 393105622965 263034243075 535496636646 785498420715 906234749967 426030193146 
22
278136868054 374896125931 483626296987 618348957542 59970324041 770706127323 48312434453 755344550378 347278385268 519776821985 90577518982 798197528720 161562803910 408121006436 119598019928 229070252753 706010473485 582719025708 951275948408 270727354779 541685210319 353495592490 
8
452129272027 365158680067 979443913411 197725034332 741774178501 346197191641 843051578072 183770439438 
9
352913807522 593100525625 913816406483 345398425564 76015068256 366542945578 225685510555 454787530968 547099465828 
43
69498423125 820320484070 10280487987 219788888848 513737741989 512120187701 662230496850 144883906714 928950692476 971687157592 905706593558 969396843757 246484217754 693303006607 270828699844 20608044258 839619487154 394483586281 384342283629 536241756361 701534912540 309292009470 922268869201 468637815841 429682158005 347165475756 88206499529 281786209385 467794036246 637443600972 168497305467 157401838316 694110144734 227361272597 433696709778 519443531464 803722432317 968603045393 905860461651 792261594716 541130407635 545748610015 418894986834 
37
831320907139 84380869935 456758879924 7409038510 945562788779 621289077344 621920464034 268453460826 127673971812 189677328467 23518390442 268405387384 821342408127 442063804356 266464823913 482279007507 459096933343 274967145802 306231843168 623243182489 638139652739 41406993667 406238342253 897999262852 760039846281 486652407570 945342696924 831204037406 492168469016 338159436684 998026773472 318098803230 390479803515 160691557365 341772970562 298821701134 732524455044 
21
485457799643 584281691416 523712454652 104900238857 288534668861 769385507801 167416407425 575611491940 523316043501 85242830412 652853446348 36726644757 756136883720 519860962042 240579476259 849163670872 480396443317 451303473651 823832177387 815303783245 460670304721 
24
848481549784 745594872398 631837623242 893305994604 749503473083 938170223493 403260722205 318725220072 998615149460 824241019664 744514188223 357869873743 369579699856 172312551486 755221312653 312130486836 913011522631 153375503249 386354417854 154113117169 26055701283 306476522592 807343089484 106467387459 
4
978881215268 791735165538 487723655 262361540479 
14
962041964492 88367769313 80537821357 111929968230 744766456403 524758968472 785124811748 982334846366 958945667095 273018845283 737075276525 547092819603 450683732948 291457753237 
49
357990620912 456408412832 17139629982 611133617793 424360920872 861663906505 571080893614 242521108024 930737584931 986132032477 706500438705 185584520039 951312600134 285225504276 763809586301 77268676093 967038979322 800081371715 993237899116 831517550610 872824643395 488700375559 708758728210 714799116145 604087843109 797543436636 145111900818 512902261794 783063665324 313069915767 584969928261 18960105499 399441149240 250161689804 106115546467 757365976575 948176356364 683735063020 884822130533 879991019817 349764531892 958901493714 669250136846 512009507454 360857691466 802113775109 146652622203 313346729405 327699444398 
45
106699347715 711907084493 758659847891 469914462208 197345777352 790948764195 818732531681 773391391612 30862679592 413636029613 624826940821 474928291605 37761556924 120698584517 990089255635 444774172368 445132100208 718004562071 559856697581 266562468900 4221862625 259433793891 786968820449 404075329621 571856062457 714919444020 317787391248 390957042338 697436044531 533044761132 578861960554 306483936685 875080774892 269023110477 178285676285 279694676760 727065250807 552088765903 583714022743 517716449743 623315715135 440068316652 524309663923 306447901213 526015323716 
45
369629366373 524987912196 12948544010 573017901071 795944469165 481624989692 962617771234 639417651448 967213972776 341052616137 569310238679 152142025233 988588761673 835682225451 257034259698 197074446261 590247174196 949225355685 466390647879 292137774349 660599389165 459005827492 601320127279 439123609153 346986980540 344068751898 952528759913 304080171366 137159342095 568552047356 271677717386 569006291823 480537671572 776120176530 978234234119 466253218144 656213884081 664844495290 839803595487 807120429087 220105641789 212008952679 400368785480 110854089625 370275072079 
50
318899478987 408710577905 682818907111 949967064454 544513859358 531714935573 819033861440 462403038854 219790196955 996790443393 451090202397 660671722698 560518791058 559482602743 513956847136 971364610723 367252318003 475715395071 92911354621 661472270027 188779986618 733319402765 567845547534 737064431553 387777582219 595032261370 863507709995 200156394631 842816721628 613424152111 38826977960 293580420857 434625923833 387497017718 61082453 968473672085 158016054772 322695138178 626031375135 697652413963 317271134845 539799321175 61736714302 156219005307 155242356402 467841900689 48491077681 588535631237 29374172165 362572094207 
35
70261348663 522192955250 503494170956 895791427661 917505162280 513947973894 690816442434 683385899027 2757903830 159878040087 858620535915 241916996339 742352723159 341456513957 587911990682 411194556118 143838411464 179263593108 670672434294 140004529197 428983304911 112287371294 581901479627 948155040713 400902835737 563396408065 480573448659 297756021991 402248530121 90422447542 273567970432 703361071373 477105536430 850572981499 457052982561 
7
434150253093 49471058267 131703156205 570568809083 746919086249 873117143921 590216268591 
18
169169987927 208014315447 907128455321 25795936453 144169942565 886802111237 421047761779 771664208916 594081092286 673289026462 944472638709 311361701488 645588076766 519976628816 328398937847 588663023190 455458544299 652108238166 
35
502107705490 748904771338 263738322645 73963896043 937880652994 705028903772 399644241985 649889712156 784446053326 166565489944 202125713730 384228174316 913081717586 380111195039 949469279271 501522306731 319335944406 494572355406 531931650169 150529925164 64572791945 252719308100 41429027430 725079130336 909594545051 54905560192 906495071711 715304718854 757896217665 302647780548 342409029529 936873682522 628949269616 803452573484 367691593294 
40
258003314302 341117948258 777301026993 790721954908 435701358232 341928512268 978039136339 197162761272 736711706134 350382719846 40947817889 887276716485 98446181114 326333837953 229933892506 495966747198 57860768083 961469219068 994812205038 38884767431 81186461738 768841998099 938002561891 152208130330 733984990871 698387113060 856732326915 792588978105 649366289184 227134911484 422980916087 407623946721 642307548192 657610853284 779677177154 59073886493 434528875944 580369996104 8692874997 146319760463 
7
790671362906 388687569073 120486382220 164196804438 390159100202 889299635650 323085973349 
21
195704776107 796530655651 56537064847 671914776002 597039023732 723897969741 891451009976 829684624411 625404444345 841680160981 6049920779 340123543185 820037837960 195339487212 911545462391 767316650821 377017110545 718387026203 710592315575 684743293853 997860509981 
10
843984500115 694046508959 741141249250 413798577688 465284057378 315697583114 575873714270 928832503665 851723850475 309247924816 
50
133462339026 519727809681 419336097384 769415472345 874641442424 956698746767 233215309022 310291364375 228597964874 143647190358 722166795395 760189964323 993645682881 244555251358 99481525177 101349545721 952197167454 407887257288 598581066052 972300251363 70575818600 581292285536 697532557376 668209368034 149138375031 86959651157 15915119419 967853491212 780042317803 297649549198 234769543621 965887468479 813007036599 792688797521 664654189554 224394084218 573349666070 198810806268 488800536508 444417589645 16615020019 675012422997 690609929597 366191324549 578238234675 115503495824 35643444145 758703068253 531579121685 975831883037 
23
486489507832 657945295270 638683014777 714636590515 405910052844 691137936635 406600789318 555689091813 677231409826 462287552226 960607820356 627354612740 668087791409 242704818008 810624983209 821430157971 164103828843 212136917741 640904604982 851488718203 612232509020 76617944484 769196274824 
31
351408267020 159378542244 921071961561 926338309508 555897840637 621063423066 273679886855 383436811430 266806855295 902546823063 768992680841 902052557765 921383999219 318590352738 565948617801 63787264371 438647626186 676367167074 865637373353 83630209817 268635817186 107269164183 321910664851 273417203689 877631909879 226705197471 855022086859 412092871114 244301147641 727521039666 546415490776 
19
14599356398 182081579543 573873751113 183364570845 532000140555 359646047783 509254030876 827305764872 756103133794 738117272503 951705389308 878189478422 185746342605 206429562642 903493060786 751214451442 521186600776 241842669432 157507852049 
13
94355857181 773209920410 587818704288 663581651522 80015278090 913565366448 179089152221 922668621599 332717903463 581005727938 95654289168 99420471631 396339129843 
16
425194138693 696054769740 165561264704 536436859849 171240790422 339446469310 496006121067 110860990626 970662926499 805147062532 258708022993 787169210878 628828798059 587997822735 406672607603 186973621626 
43
118776931938 911125607150 527577420248 613778227201 375559642733 150712031040 622784396016 954966042023 938208580108 132281558121 445673821652 257010061196 553874770442 276995098437 561176049641 554957061935 408491697982 38549092515 616188610428 828125001006 847633596248 894612412989 373590393251 494636985285 866177870104 84542868708 214083298834 892812722040 233609509987 856584474090 554921760324 60654213757 44639586442 584976180444 527013406775 784270144579 7970254572 518233673322 430379300972 839223146012 929932923423 128956617231 395310131674 
8
15071898347 342681321483 857802122819 681845529972 376976062544 795747831330 748616035100 401787283982 
23
717017067038 980576721270 340452368475 140564778565 542442157086 337110608404 667664447026 265639286450 897338898233 546639343396 710927045965 954125797914 914590097842 673957646756 855035236805 629847744691 333058946170 656304957161 69818900295 533748324938 32879748905 632250225991 708159417403 
46
795989670625 72311101488 218151744064 739867751918 184397761612 238577545945 589051309813 348000146651 394929639314 292599839192 771971768197 529227067042 349188559322 582457945932 529983534067 133334710464 735296842157 360019855984 255094891988 981251645478 719730220887 832841151655 12207471715 281280625465 731953340653 485262305703 984874924360 560064367604 721438042631 447628877531 458560187043 786836368324 499061286668 485645678652 825061630004 438831092813 663329193186 579510506436 535660865489 569196312812 942194662295 80123182971 29018191962 771542476595 42272786248 622398899670 
33
630230013364 297821116735 924352081818 78765035564 899512531986 717693201056 540946575037 754254744332 849813872911 667027658593 7182882520 297833554108 46716077465 531847598892 746199947018 580381459122 461201824292 922686350590 534366311344 641732769546 498913895578 869976342908 681127245442 3071482323 503263872603 395997789115 957010449495 351308687640 937221707192 79377109651 312252707661 638980237113 529627074484 
5
495595665216 258686409874 330382722419 529552666747 70319656715 
42
477975335963 982563174882 828236553443 11261083609 121183264323 753041299991 661349002957 258576202696 506824091025 307766338957 923560506550 178185926875 602285962757 843846079700 507195574934 235906471687 442092614303 487813329688 423883764799 191384226271 528552887437 616622322631 476632462454 736035363796 243593696967 970750312505 318934210922 73779768197 121261585151 336220872767 461799811141 802203959597 927157738060 762909440299 26248292287 873296822321 649546686634 647764939241 320992693469 707586153896 399467556171 223870348548 
6
931892785555 977091517230 789597461485 454891672569 990743895580 493413608664 
19
507126257930 140210579006 493327121512 366593248000 842097389220 646351648120 651410738777 173545607160 732534378332 485486192138 241934974267 560115989129 92676419787 692123945913 683232305761 58282177600 240914692653 553200168638 22328167932 
5
969773529796 878182169916 905088323703 458564249708 181782202266 
31
718405903210 640888895254 296866905764 410237373858 466454551666 230831553902 467023253294 442082267927 91511841897 270225482221 230723168764 685025535316 84495965532 96761013478 304985967547 931043943701 85240297579 702840591049 619481470505 758955989430 427931868647 394902078292 148766449438 7192706668 354478819297 656766107401 437301313027 646274188290 920954060192 315932134843 450723155923 
19
411765039226 785943982896 774356549940 773713269219 807328701550 215891633304 968230360836 124763271114 234654015723 606673141283 388399429430 856734854507 198084843943 239199323947 712964452590 455876143948 343999136105 290330726533 158543579242 
43
423669309568 812287919267 369717348846 192323287728 945149267203 36700940771 165183109021 445686152274 625860329790 951685336233 940027162503 444378337188 113130670955 936733674951 878435753272 469338363126 175762798533 581193639657 485701642304 165763160015 260674051138 150052269710 105218645906 645689703406 115577139595 551694808893 955784093747 401144408511 835617540214 364329674343 49954526227 523947862560 469874414195 648670561101 562662068377 842439014176 374871203162 9210545380 344433511436 419087860551 344278279376 905612545234 595331103324 
48
632403654369 568571184572 957860274381 294054412796 471539741761 146956398730 633859560457 21318087028 364091976455 829257139371 277078873275 161282796253 909811646490 920048259903 452555925614 612563396191 648755373232 768852329179 834724854667 159154768892 978582005583 75778600910 976797625870 877602395857 463315026318 331350193693 7627018569 363937924007 516538711904 291587648387 665551003428 249373718120 604838452294 434572946295 686264141608 981949092559 934384929214 655220788153 820016855137 990294658860 350469160046 513887167024 117122897644 937891352848 984916313806 13098613935 569110802688 288859549435 
32
61615059862 98412521950 338498591608 283363714344 681353896087 585307357973 66510904134 27597598136 44364861202 157848442382 78982123216 981236773848 77499246710 647789909139 404389924758 300540128805 275602467506 112759947949 802503224908 122527907374 975081765537 613365978562 168334790379 696676845684 196925446565 804772725492 563127114189 685528474845 294563776084 146993805220 23411234057 756763999148 
42
962745881025 554156337284 937285434307 152708851550 926207432322 802232954170 734382296314 987758881075 96271781514 904102994287 98207167047 757685873147 50481396436 779189996873 119175216617 253028354876 849074293684 554793513734 652040497153 498217767640 522158727844 558612433165 221298180421 874358418945 780905675081 439061698925 294882640266 228296290231 970156942572 444501110073 167804590563 794164642659 388727003565 633321232959 551906392914 721421920161 816928061277 460124379541 898334273858 237284629894 860896437278 411611753059 
43
713007262303 530365072014 513659446704 221733829390 618864321899 902121376921 953309879078 928457541062 808140479726 560843301156 440503790499 225481558494 533810963386 910527939026 399655826323 820383960045 481260990469 390907706757 698783464161 233931118621 330825710990 883399082871 737501208708 808578621179 160034902166 784202193320 568051804112 260238022138 189973497654 715986740436 974318879022 401189409602 717983280807 191468081303 282536029610 538541059675 503463088568 413010423173 188413017010 234095056926 806334520245 269296002634 468726184970 
8
764756909462 576596558356 349313414951 195370817919 617030125142 427585840370 763065635156 663609474709 
29
194085535820 275619506205 826717436060 146724145549 632953932630 600000884584 510024068747 404089025467 989268170599 10642505693 746671847526 91288107386 459815022428 733788642092 492294647228 155717820778 589426725134 484107175392 949666498833 125511312577 588895266271 618012360448 5300806753 395974448813 818014020286 282950492347 165968976992 822190908324 517706653913 
30
339440305172 986505765681 401578481519 661560953585 675613719323 437810504970 56428630358 461319622649 679796478583 494796122431 361512683742 372858546959 288560726958 949390646647 411315127829 499021405121 412524046773 508351894018 83191119952 50435394663 821215881997 298397183343 834407333982 528813267995 991092840088 380954844506 303484803683 958149094997 846703811050 537178096092 
32
985693279954 132932029980 34250612973 272532106276 82840568980 969254610304 100081424564 307842523603 6876533237 759834114947 443805282493 487893632444 332982085294 409061368870 625454026740 618199902277 803020819404 369644754368 284249851285 223135576827 376115916760 835980409196 889481385193 807139849620 539450284903 414034515284 578281828666 930479186465 360014850494 842141478469 490785283927 899098528477 
33
474210916314 514709228277 351514825436 187875605650 567897672520 568186800254 355496624099 196109774048 14627060733 556025719823 409872970941 244831503729 941549194722 590196925034 966348888241 584234014350 465197121572 393197157650 391450778759 754810295065 510017959325 36229136633 73558819388 10625893182 330803117728 516124787544 763819523757 269131098676 356641817052 47645948719 292362695350 232464891750 752465485905 
18
108926938663 29197451257 877796232883 692409659968 345458003648 656738416025 523942955411 18257728151 884698196436 926745055103 504925954010 841299862735 697088107621 268327427049 418846312781 536554699881 223151657347 955283812008 
10
123053774361 314417257717 459474069819 989376110873 126496263109 213104640824 200512571813 754264717405 446994573416 812791662014 
4
985881969339 761950178225 798313889460 626273989201 
7
494294221861 629549020491 45604334400 807103148846 851958471143 646381658599 867603072039 
45
489719942366 943456156588 202875263774 73939265560 143316358748 484169547293 28527094673 461385954400 660027155242 295723779579 499788101154 266694730786 602224426070 492350865529 81322661540 14355650213 121127676444 188974624502 689101747417 977280477899 439248508925 847152158878 303595327151 41887199155 860856996149 767928961128 794978929190 990359388271 318233895586 361257664209 599847504541 402851174657 272478170371 781584352988 351169414148 1851007685 699336276936 678359475820 702547584732 24544769549 533327304549 353752290708 606285315671 409319350631 488757411918 
15
128924937595 674189628491 825095006596 365683222109 237731921400 298843762172 260431865172 161753318023 858558137591 725636042751 690463351659 751464229700 536035480777 393854459509 767809469468 
41
329570293973 30068318293 895584653776 832353274718 405160440469 372097937049 749423571187 14701292775 728465894764 818048707267 683226653887 641187772382 432807687392 372547276902 163152252538 690724945311 314133977921 939309983607 71720758635 9256711283 898597777262 788334022103 279672587423 447164526915 230329155858 850811544679 51715020461 909010106479 811584473934 663454132804 813101446292 909252036376 30933608076 149158342731 692658969116 80953969236 384126877514 914391517897 351047384499 134198405470 924996517379 
29
981179872575 67100679185 542613290694 533114982515 557003932636 709541003571 384107494680 152775531314 539580791337 868519939870 182140072533 942383342153 640729304104 89577589023 415241417502 381341132149 189010880496 391696776823 817610056982 863496584054 657494423646 130274503883 685662917950 349710083164 7051903842 829667452155 249146826017 629558969770 365361429468 
12
208454385552 986838824289 697688370741 212000329291 807089242085 877135692570 402097067596 663732837366 123732216074 684923622398 833559936043 38447064570 
34
558943954247 110169528731 982747254602 686442865024 659527650395 323457940654 923057088987 981189338601 512464935436 245275922140 124312064376 829169064778 143772043819 609927175343 586892750947 290784999636 464788804459 230435851434 237881639415 817250732539 540282243556 384258140509 510517366635 328211328855 615197319362 327369329906 121380091302 168351075111 676852007581 605082940224 316024946349 522113475210 33640262016 711327413423 
48
565628346269 979509119776 554896739076 171042632253 332977241347 327444269619 65446699975 157342998064 196120620125 950858469658 568288136971 793688675250 711622809762 361487613374 8917980572 31354009537 816289455032 515812751820 405780480064 749635552010 620385250208 3910958127 769863047859 388712101264 456502075943 844001075143 465899771187 127309189133 147653750865 251259491675 415269903658 493749940065 48144167405 248037254602 350566933943 618723692228 397228088612 194621008271 497619215187 346129799998 879029228834 150270945016 765877560121 705245565492 284430548554 869506077528 980963519082 99332264305 
49
135844172016 376041740204 154488928670 310140921412 701939558001 387335137098 891135256531 929913650759 485701613174 571707718519 231206787812 600253453699 25610351771 218958840932 341182756339 483793938761 218025190915 83340388618 141157026152 151610386333 498076889103 236877274188 415954773046 978319140277 703001142424 498814744164 777921853033 436466150317 286361315985 205148799688 301059144855 217770909252 648328552520 757086299379 150842689193 172425359096 360705861843 640505741697 421306443549 285044358411 144962745816 443416485605 79655819858 531041720059 841905557627 376508838320 996829510803 799664625570 325710161308 
49
933309469538 577899813077 511570665584 44083911932 186944919748 927549741261 702574580177 418756101293 349307959712 160876883315 170287209194 56082467669 307131261022 638621429158 783509206603 329417430317 730754251596 771087066836 652497512207 238399254919 705275277425 858854595386 385027042942 399838743914 236422994158 884031918940 851046457259 31674559445 679147326129 453288591809 926807654598 302267167666 267497495318 929782599787 533645455893 832618313093 498278681209 201948957316 818223155123 31333149783 228003586880 234448850597 474066559890 458658741931 763590571512 297021285097 291845393517 159925417888 350449619286 
2
376698940292 264878389621 

