11
38
355675167204 757329820563 177078892541 94061504372 669874029336 338590601450 23257359298 59408750637 482745100190 814087460946 188615067400 196238818757 268731998817 480013880730 98591255745 829700627544 665568840119 186476055590 712547663054 186421804284 391213050993 630068852101 129886411404 934132565448 47130353225 911747120916 865049083586 537846875101 549396480890 778010257372 61907915098 329411400652 821311331013 821095260338 474684491258 849724757956 297318947280 770465166309 
3
226718193508 732896042980 795722664298 
29
498569050863 426012339154 851353310759 243542511279 670047910423 748168694268 220981609949 679808635377 911274180960 41505920598 1475630258 666693810402 825855201821 54059656184 765458380247 387321103883 851549525376 19919503987 238168017296 773149247154 242582722441 854978902562 570808701379 946914294709 23133227945 413166909298 392525584425 26212142678 58826752187 
30
362503396713 870777735397 295327602709 537182737369 325608119080 669302026349 757795614801 798346383533 956066119850 423486476972 424282101499 512397096243 872748555377 670335704571 73290645498 350272767770 813191043229 480819201469 606110129637 660472842073 51290749855 512261104260 231494732484 860594655065 724259703253 423495990439 183680666394 156116949406 691705337538 292304922658 
24
736072850833 476953110313 134805720664 224484991694 225721133024 865871364597 155389846362 4061292841 961413763436 296303069047 755603286723 616755337202 357129623645 711860590200 793905369835 125161314351 563223117305 285617668028 278035570283 902450589190 74708882156 152088774252 55385209646 877032306033 
31
522266627788 892802986459 62395563901 285084691636 310654523928 444543639504 31836466154 479442488800 627531465072 816958397627 569637244196 501459786568 768912594644 511697831558 372960131707 395843988629 919192812006 421267375457 303632428260 359576688876 528745687879 330012336212 752392888404 668315725963 724268152062 962298173300 952574854934 725593619676 364467490925 222942322346 225121654139 
43
611380118536 644419184864 140628994818 543961230192 756256839555 519999300557 74856736583 174485244465 459870858230 870706944052 354041391313 187202100694 525535447467 444494727252 13396473642 467675098147 261926704392 835464760476 554211703024 769145200933 617766125004 791608244487 911699078201 621646125082 442591350851 683607155639 534454973492 201432523223 93141090461 634267783590 733896043180 660380543108 513899093354 456794233071 716878533081 53859502458 114247255694 306488322043 825803288297 120546290932 578247616071 540122053777 958842473880 
39
985233764304 92577771333 17711927853 195330375619 604710525498 341957516770 609874243700 817081093569 638781514114 122617664554 955385481124 943979759732 638767531942 342067704502 398706486959 774233756334 791636364257 681048472814 420357020143 105315634253 53704307737 472718949513 217938808642 30601131257 989423147538 62830005972 681367770410 411671244344 894151592896 618559917972 881906117399 765817334478 986396180502 239795202636 314211216899 946051098787 136701262571 352253836951 401090174750 
42
843197384340 864843135632 802475522285 102883113550 201930170654 378294163726 899221749571 206713240841 531425016653 97102069397 119819432684 16423013548 742883573091 631732364418 507524252271 495936703436 202364569407 195063161440 827360403980 489054736481 899705583928 17510259645 348764025482 234583993649 16258302044 198080306078 49516607960 147597443472 642385698953 656996112254 180761378106 567369735752 290443202494 261662298823 509996072615 370312937548 153568952471 310419813289 558229970849 385850749093 569182794035 174891642610 
7
281900228889 229847882505 94427916749 665683875019 68945400939 849394787918 478206445442 
16
861394509655 298056095657 443585743671 19671894346 929701018066 488332506246 531066742567 594061459867 3150195725 347263202921 111517986476 892876266830 883495470751 627724162273 328195647697 22791780550 

