40
12
175767275948 249897012625 214362563897 78444162569 984372971966 546699865924 202854082830 965867134411 829945369400 712170028592 604803826339 241382054748 
27
122894056616 615329685902 989643159456 700845311721 969405735409 705189111851 386458360151 586482888991 2243314026 875175505675 369468495234 353020456848 869915416935 292647495077 777241132476 580863394487 326968764105 748444207387 391439398368 917970274107 609577921845 635805240652 211542219594 504788376490 566796406977 66700976399 520367112877 
7
237290633436 629217955037 14964207967 980130490473 201738922852 21721679766 301957715520 
19
265921755502 659038026480 998821372222 178664741320 373231622266 483025019587 695661045173 197646740238 704183001078 769315214097 485785523212 139931919035 680015454023 905411847644 428192833765 913358808827 581283477944 310739107211 799247488881 
10
726698235107 830156337408 35532945806 871889382759 161461092097 727718460383 186550368037 71406596491 249201772169 826793398844 
18
174850659679 138270650475 451248566450 499384641648 972230155329 189214385542 167705020252 416802630056 553380084515 322919753204 557751859866 690943046725 394246239335 681774528233 138329328423 463082596278 781330943591 952056177384 
42
318016029303 883024606198 652034508680 442537599743 123510991441 783738041379 545339331744 175219252659 715350149305 271313689995 68066682876 768468415759 343114608261 122160481175 706056230832 608930280891 384726473365 645868170331 523747968281 615425982892 880270944062 894518454479 842065554140 781927148874 191153772715 364251162024 682790256967 223548205183 378596101053 276588904201 501907763138 772128369190 494469527727 55322185085 467472742211 683167909245 921452396713 790847608964 833710095227 67026708297 657474174945 831497427354 
27
237181090753 42414487449 212346940973 171602682865 89915797363 678116910319 233821724266 855586959945 753015796499 254980054793 281759303657 751460730758 679630240839 767645854424 428868995421 220468486670 636067164228 355334842946 547033329516 230136222784 338949426299 895140759041 609670636744 617734554837 562417000165 101042200944 805551397734 
23
759645410509 263982690929 390378145350 167406232084 442615467250 73528285937 960044879963 635220724028 578109867256 730081076747 609994026866 220078566866 298873358378 617908181894 40679476 692048960176 877017081955 168790740575 750042249880 454838916398 351829737088 145544906715 352653732057 
13
236972073963 273146384323 914231201651 38175848657 516992122164 302426968591 756405206370 191972072364 67168424922 436305834847 208479098634 246780810394 505778188124 
38
91932836633 569153187950 366603281473 151479730487 810093675376 955239803994 680592071738 581680251720 683665255346 549596354494 537154171450 752985092778 417883202206 606716016608 990399072831 957617719207 814316239364 65889429426 603528584962 709264509712 760068490936 56493919441 849797517632 762284032021 71378479873 736429087655 283754605115 249079018706 955181407547 796495733969 685018929438 479510637331 227125341968 878188468821 601589458483 891680174946 824914614021 562181112239 
24
510960799089 729765060563 954386076083 949621907643 21412982221 498325470544 895432327382 853750630838 111413142736 469586902148 230447089035 696015834858 599799618660 448426121984 916805581299 591526518459 39405859875 219273255006 162721938841 124516081684 30262250803 97840034060 592889120468 833549702612 
36
862975514290 558645738313 497380944219 439771219514 164013385033 937801778211 530083458708 825638927985 550587950936 560048714707 758081728280 673310110367 20182377652 734076353718 673852356893 896175358802 455778285054 388654317401 143260573817 297084878276 762646457191 565813309340 797729621849 407173205410 267649771592 67507584418 713146247034 368154911915 687943359309 391160687370 51190090065 662783677842 132313893536 874580868213 854216015697 555089329193 
23
306802061806 161235997234 786830480282 416488088720 993218612727 994924858930 944584249585 524431149462 78722170502 708213527447 100568471298 750018582863 302162432909 771840793379 639738089739 754795325726 146709366671 523598843638 475075802286 507788314401 941854332391 40933487683 980173375365 
12
776415316080 519850821218 444836702929 836121700000 393244134762 422335129401 439586362131 554091346071 759398985664 1033750461 76733669639 488821158129 
29
130903829806 773078498679 752841899431 999968773771 125911419318 820722809851 290269614459 931113105604 511891668596 962407257090 641393289888 55274235127 41211914207 694107288793 326401083385 63911934889 44375713513 15108167044 566523248630 263088471164 228221723228 374995747656 718201013616 689541441512 660737879932 972563035349 653341563961 773119799039 313022530442 
6
422325524583 96496225000 649432767989 780550174456 532325959752 261258541985 
44
487170547232 914744449359 89349880767 591500184273 946472950576 211692860967 594650465445 397061573502 332404204126 12458535089 718370970549 701024613479 749290533333 176825999249 879419996817 62709082048 11288758108 612393065849 989725004761 58975097323 248664713988 676731006775 277143407960 427710366836 1388670777 204071579465 849793620955 768244463628 761567038606 500485880813 130915298358 423209594985 347387985314 296114072423 359987128134 502658620779 43609246184 295585874235 360670356418 727063766839 621002370989 247588873916 675160912066 812854331436 
14
232731036931 836038255349 615446527266 128978271496 117766224418 629414066885 928642431322 206507981267 503754890591 910748734472 422189643939 443449781524 75429639235 969859260533 
49
13110197641 326707701563 402923783809 907197110450 500053867017 131088595101 328408883943 558992974902 958542516854 508294380382 144037389689 900325096001 942516140382 462253442535 302358875973 226005987526 746613536804 275783062791 799862133625 805343306761 280642228552 800419868608 151079666279 682000348690 463190146543 203518345623 283223835683 53290749072 689187744862 882040334455 251698126724 442643658863 411841163824 96661044977 240372239668 235649181768 389075337060 529999908231 505705151803 269971929688 858563270878 653893051838 553467422851 994728651118 649963500159 661749312068 754688195535 563729390775 875314318847 
44
578791435400 100943762638 670171900418 726707811739 63785035462 771149330631 234737343292 104978340772 813042456522 234168043969 840982814497 988672586336 528873664329 315431394119 409597259035 832996400076 828168045705 231263107653 425251710131 259477461078 835986926680 617279754372 143524776829 516509178509 955530547392 720777032150 348847576130 41239816646 174973415829 157447671951 514781547407 432092608779 970913083590 504192997562 161670258021 248847645827 256920612696 923420428326 511825278313 55843380713 576902164587 778219342284 653346285336 961139698580 
16
71595093878 421238205925 892700179472 157138285728 655334856150 838694120603 436604117645 316863977396 357735390338 802737371939 673370082891 860140223273 668192370365 500323487686 143705074376 841629321544 
9
488912625392 115099503841 64192667351 866319181213 388165257681 681766825063 696926095203 934671223269 460458484482 
5
842349025659 523386390574 340044523611 231861680884 765862569522 
41
203581329360 537610902174 810561665292 496805053447 147073620130 323272747992 264801013279 962111375592 20245052110 709787239839 213729174144 304854547457 173350925836 297246303893 1982588769 467027539439 702544190379 929400393466 515995554361 543016086683 709545154312 950768814975 912079624498 610894901946 683648928966 401633094977 663168946852 852267777970 306056101063 967501466580 638714817222 547246944082 524112240976 191719452218 654787730756 619017094063 569558269948 378069569003 433553894071 674022958043 394018675038 
49
859081451337 779579396398 533895415851 310025050812 55877616706 639302537138 518516324582 884435484065 382282177473 341064059923 504089365121 198012385093 607036923079 269426255937 345116772124 281506424819 927084670789 860616027529 984902264082 936087561663 821462664691 951106849718 889142122756 386605639975 257733697404 778956029998 562476626765 440753936923 602148834665 3341570921 866351568552 633470032193 830856547710 663142812346 887167891711 765189537414 447008775801 208597912782 390401486576 415707912354 134366615298 990482498896 951133704670 186675342767 239717357892 356111255153 54697558499 685590564532 505672220963 
47
976628518696 603048175794 369139937454 4920327906 818769172410 452717273788 630040627842 678521971061 126276308547 529851974605 886093833535 777545201308 292691687168 462710028422 993036193966 43322170085 118588202881 239726499880 701228986820 739876015170 938307676386 808728541624 680032493863 146726795040 891841362468 696616142613 593272984681 582445169177 23915413492 7676421071 506691674235 838705598619 455314059809 99524363600 52344552635 300907724722 731734444571 807658653095 928366228895 192737269869 446760501162 8465416297 857235857180 448352573849 807790598426 32440037910 651079813055 
47
341415106896 721226016566 895869745226 711499818311 75918533049 421849755557 403206997355 267138590883 503154187440 551702830119 631588385552 359001408229 170108534495 513144957794 852892635608 875656708070 535890905581 490646126458 734217229436 784112269221 906419709421 702677797822 933747193039 683397412996 725102071224 423788651247 67317025141 775125445258 27550967071 593896563967 926653165312 183740735328 348497004782 983205843572 537678963817 278401342409 397187505835 803457559617 994146630896 220541794411 485098927304 931534245289 193673154017 364090292822 504261199418 449644530308 613807170754 
42
703418304729 845499166298 934000082750 647000551572 425479318573 223469810652 725179765110 167998276121 392926731777 729083011043 709045205085 383454586664 117064292235 446490163929 794117502471 362212962571 283685242621 582013807522 214656193501 151642601506 113390214209 814416595358 191350439194 67766339746 769459568471 159897949129 505113731381 772678820279 533284629140 102363483025 570137147112 171998764328 70832925738 108854472994 920462611506 649188520852 388533066009 10480184456 367391715751 546762053845 847247360551 980337477883 
50
532701761048 910518773403 154502700289 335101421407 337670484151 966041866913 94746256231 880727240884 116350448989 178129965495 470587849570 168378987581 178019736829 24202525302 448004088026 926638807323 813879563728 785980819526 303971316821 120831544235 592886733994 653705517242 579973604939 231043318101 54435567207 309223327778 769019692018 173249827430 870095388982 533686075537 552081050590 608784547798 242263226168 166921476649 645231378613 197595028451 444935165420 795702946661 85022123545 961801829489 75032745117 583412851566 999839049781 710992659090 573160379929 741679262230 55928814690 5085256926 244806594363 831436801048 
45
917372989181 67507317929 644764121083 746756057521 108421549246 727396687589 508494187125 13089019416 731136800519 27712612237 220638130124 752741193405 116407944371 121166772737 393883823519 430265133471 327929828107 903424669145 957775205878 389739164105 224068445493 535683579595 663942218502 341944143379 886408092224 887729490830 145273377521 307649363675 561325193310 354179798261 732705683962 495074197556 430957262277 688114737718 996824961207 242091645042 20402861459 458095736184 308063484845 358907504614 186591556646 769425191536 537574708983 723211553984 93241662777 
43
83849001280 248454499543 469555125713 34819095887 218491377588 851999859456 301401160236 701996753795 155682814479 86473024665 83388598271 153723997333 593618416200 141792527303 977226895572 206805957076 850789915979 139220954503 736678276497 771997539775 519510428959 169022871959 92611321625 477553625505 536795666837 70982501553 374768408162 907914361148 75613218105 483028928646 61544406031 202128840654 490631273871 794047898328 712333152356 353403110539 901432035343 305651885022 47742593541 529271645664 126364331454 117305558146 268010711388 
8
408779719787 285969380943 860932718501 127373556242 627584950209 784266344538 372757538926 181161848602 
5
197645772934 236049332289 852961293352 362370271626 730771843372 
32
174640606672 241729924271 227240366644 401835956926 483808191053 666357676266 745674714295 489029654799 247927992256 150369487465 671414454828 652139400196 350186248835 936536144870 448474516659 824003825289 798075494163 56699493999 586006802306 529043097992 962216329548 924710511546 682168239069 605310005930 711810514856 868955392493 916443309083 261877813548 581154930970 791841952905 754735587465 104206603896 
14
293507602581 394319218733 58296678634 557393084423 105853689664 47621767581 796636346193 80406812935 114017135219 259170730315 290862063 825581680214 244927421629 495081992890 
19
416897628433 11457320412 680007491711 908882038677 407096477869 960065581442 897431514903 919454598615 774473522215 668954320571 558473536996 337785531803 911331239131 670887519727 310836093515 292009613407 68248901678 507812755906 447071314760 
50
277014835849 692173735985 110768745360 891412782999 579004748928 849652385907 688967297729 135892666301 617346168460 18508303315 673420001313 523654208407 758867098785 539264877471 601915501338 736106725093 394589129630 944800624592 968062866560 530460293684 263140615829 212847489881 36904729531 234271946181 575754595542 641071607354 734972041570 421474235786 290803584871 430796754549 559938283162 215588829403 540865166813 518981868297 537042369813 702450012711 653820260457 727911124572 107690551721 831303942487 814939804034 613569446209 954733286540 561132757228 934015181340 353608491963 919898768082 760794400633 720563259243 707466445491 
26
610031741666 531591801427 412961351694 110634510729 264815283901 538916822351 152664249236 859964875545 933745295256 377691368497 994733297938 889858770202 693779332214 381590654492 127846995282 293106731289 893477774120 83479830590 509764736844 498883451767 365048652908 811726411822 974114348407 243069998826 305531514009 591174712868 
31
365509159023 706635381168 805246916291 359079065279 70750018650 129307802999 539065194001 541436129304 875359007746 523413391664 6167729808 106416955512 802131739992 501546212324 865025833793 732838151835 472185120057 959554421933 374442173025 736351311147 637225133192 88692748107 751627943618 363580865026 5621029870 86123319870 299194217409 589249514666 604712957659 539177823684 313350031690 

