49
41
536879354140 271628035444 896779371976 426968741764 209784373875 494728751991 688102664800 421939892584 393838124473 824138515202 430066602047 556623200242 245358322420 200116264852 839955454673 249400165672 356286748847 74859918053 240628361874 84344051574 370336167696 845431035923 646700905944 572624673186 120408820407 661418125660 734084051320 799934715152 542384519975 135360963155 875752299059 21278279784 845695932803 536943416835 252739056396 157928808398 520083818011 418393812200 615429247638 327005588827 28204955861 
4
732530205057 189726242814 469246057745 590962751144 
39
281377087428 664260793165 974560124934 340149531473 904935733035 248300703144 56186619764 679133804934 389216139933 250435839332 959749491369 166938621127 748030526907 983351051454 640882058200 719343271222 51008397366 210456827348 377314193825 722092715950 540309186368 690226565235 631548450319 354584847957 308349501584 182264450380 459577363431 743352795239 485303812114 732788363292 685799611949 400879189352 239407700544 66463703058 764986875641 853493997229 221777557627 152342354113 87417032028 
10
802076400984 112488836981 52511083523 439844956230 80955554872 807128624259 779231799052 451775640815 955060484963 535656560716 
20
173509954193 992170037667 190871830981 286017675718 163523310962 988887139932 302174996757 778028288326 754635373476 161806165104 122328010288 920772762111 578777275655 444744526677 71757163705 847528059606 942887583877 581949541753 89254140314 209496772083 
26
862786310851 39498522952 645110619017 424295588552 837409943978 609117290797 353757743382 814693845557 789063686073 640275166534 568667187135 810857291209 518935880012 851946735027 186865784781 726660065509 833430605649 149835824505 92832492786 402895329025 240756667401 401076547454 505590907026 579484890129 190710892775 294568756781 
25
899934677608 431161308026 329482607626 361836671791 859661581992 293632169318 250447524845 570326498544 545969367471 955793298869 606868435935 56673988989 788818261764 979064057958 358648407915 223188204627 128878152434 559363907933 627949010080 299090639999 312342678082 491716211480 42515011752 721262269955 903076474095 
24
871044594071 633080357613 40979738370 368191053339 58416606208 274424735096 236183855729 456928595310 33553528256 465417674603 753194626509 310666930717 210200502204 733362767332 554992998210 111682989873 517156478830 475271268742 397720773870 26904345413 950982236216 375776802373 36667821071 759467191345 
48
128178997714 399467037513 14989773911 263427614132 504860371234 646675576827 182546934940 394330444642 534756180766 111144238993 447321502420 951127424743 127316268311 218799046353 9432924629 458057009955 116609305570 957618012310 524218430355 647291019890 520081338784 813287735760 687920128724 969074252134 130469224786 403579030751 17061107642 242414206017 596126253071 650764807837 860308720241 347533788542 938139593125 980249389883 257237373342 808983596367 308464513190 960051151014 210952913770 11770025107 366198624930 283693649498 747614258555 194886834286 622936632929 885082355932 309957719057 636731963878 
35
725719629547 735948533909 801727863494 903542548330 978299469691 766656018826 209441869079 566955036221 48006467281 550350852181 872415357295 622421454548 944978483916 121866975056 522960253168 975717059076 863708114951 385168345210 952737468856 519249927290 438697714840 603580599491 841806476196 388831071812 693811492429 248550293848 34206737756 829821649054 630157545706 361377538767 527431759634 489087760943 987804414322 954806543967 572758260848 
47
250855109885 563750298157 346386458457 815898483196 723077441752 454744855139 476866029380 234816923602 775067677095 458256489496 682359303505 488213750417 724937430764 367656173860 291816169931 328624593757 867435599562 199288107675 374217199392 798400028456 616386637353 404525976507 302330172425 323338891538 915473994360 813958916249 476472169635 820526973493 717641858095 37917700790 595835032388 135462503928 745212090942 385781490152 469302637995 956589939458 243627671438 385418588126 23391053433 873750925696 585939795327 576564461976 587540956310 247001125449 691996806779 652893513743 917823016398 
33
860148771113 931106297561 436856962406 25223630129 354686163764 601763895030 582724344141 361782424452 352119892112 893834082269 94067887573 642672199452 708165043515 76006213256 352480150286 757533314057 980327074384 377230860240 839520262089 324095201250 35921319133 446456357679 203345035977 81668528318 676964693410 308866298078 332474646604 926899790118 555194052058 341798754902 499968142009 569109955247 410595076247 
33
416850324968 427933140209 591904051311 510538888495 184276145648 324569927871 266448988215 627012172409 877682100398 136692449345 676331791669 252472181291 416920133953 164246352641 421119917732 872525157179 414117705541 790312520722 486614690011 341647173797 481338574156 32898603622 851105519417 101859591780 493554195320 298244720545 67416660046 315391370463 424881862110 927480898688 939766692050 475912842874 420936278372 
20
288532888898 120620803923 464392300935 165844763909 835606671721 421309534083 23611931042 970006420316 770323582021 114287891185 592269477097 140885460896 701196918373 106654262822 169340287276 245757604080 365628296106 301458692342 775559313761 254343843310 
17
541163123308 782321384106 482089585533 335892499694 578298530772 54297284304 182465029817 425784010354 846307304541 442726746399 477815725875 145806147056 703662968247 63846410481 437200262846 70976914147 874099560303 
26
234630765299 121877821290 657690430683 76096157801 965982555229 318246923449 218762137112 448110242627 412069591743 281542266558 691086000539 399769855784 767709680980 443514380451 823599739426 786200876423 907925209275 15882591204 110278273566 958996191015 635508163881 127293794358 656938220104 13524042409 52423860296 506866226264 
6
291607159084 783909145597 309723040078 626765428827 637858118068 11416953143 
34
743798788553 628355763614 448473970928 381703143533 321090076898 485589031577 75725799926 214806231341 408394410736 479917831334 428242757398 841816979311 955694976407 35464581487 618620070209 959112713083 553325252759 585112680602 534657171240 883621578776 785246000662 512147788845 252122640746 290789006679 395879214096 158598529041 856674792111 703055509614 131526672671 456505786091 632333157987 289794189395 582149842505 729893479246 
2
380840295354 190160500194 
4
965795974386 701245501097 89605812919 483207499525 
48
552080274751 20988907956 554955829224 816872469786 490773588280 773183260286 33537915606 425034196415 660262963001 849894041096 704955504395 650138903895 831883208539 310671082154 554467297851 894207836348 307568370635 19095079519 608055464086 406626641074 732611893246 977233640375 205145856529 490186172932 416579153638 804150433286 145268904352 597160924187 970628745729 329393958121 83392669363 966763770402 581481003744 249002865224 837865324873 895574224297 72147023728 453334586704 153314478827 158472719551 394588674184 512008907244 620749565032 609755502386 918678167954 357973856087 137020597582 131628212765 
35
777953415898 660131224638 318433536982 772530242865 847534705307 544999552115 264462230067 146990123341 66582078701 129444664393 125029833596 669180088317 927708848034 837611507360 921113780539 806187942657 230120786568 429694594551 348595286004 878738646495 221579308860 692828516006 75785144042 445573015960 777721208811 246094837399 500378331195 780861583657 132471624160 671274510266 414809228587 87569291088 728965948751 978619733532 718335947003 
43
850280091612 87150861850 968298330686 673877071801 727730186904 339262758333 478482323421 562650669895 911073184637 826459952782 242508254435 379885368950 671437404923 993300702761 678214820510 75113915250 797125505200 536319388115 174594137381 115340003753 509502359811 594833005417 135548966532 257782885227 298517972475 864067954885 926452540845 510590785830 379883653196 843713940577 433344273344 803807305360 25608627573 420933741475 754438730202 577494469646 44678557423 718932269742 922733293945 544685661510 478351259927 588817126763 599302067379 
12
468702223713 672901417849 608606567866 543797762135 475512164353 81200253667 543609623792 483464339444 114710462089 474490526520 140941749157 230243028073 
16
582011634696 230424112481 755694712042 298610474783 322993703635 118154138868 33697608191 212012647952 108651194677 744445445593 355823108748 355925995619 925273164507 538231946219 327043953647 377179682927 
5
468540814180 609264035890 836776883129 716014862170 486984902652 
5
707792746763 695540870526 324689208902 862118334822 345313298796 
16
414757654698 613277566005 429417968045 573738379438 331617792281 48379712472 542410355267 835271195275 373746823161 991210022438 856704185189 192417162721 157602804301 508752760742 71299320972 114659702769 
44
732149768265 570758034467 118779345792 69299652477 682816132255 715961191929 466754510557 613047470245 466815627961 988006283232 14260522911 52929895238 94471558723 718677997818 162956607559 291719420989 435916822225 61685797988 48579941835 573242287701 979374184901 225105558630 411659426591 476234159848 376701148388 648491405067 779127678457 547627024315 567986663397 711544364032 64338287789 90254313525 639725916124 129040897148 891226400528 136818033465 32402741731 368094426018 12399658472 543395624149 751914824095 226060542623 214347716366 351603115911 
42
907990869863 619031452668 501752516568 835417879299 585283386357 396285503882 986089604738 470588181200 196771245120 110972123102 251937061885 538018696886 892370517673 603814959676 835326848049 649199019764 815226572426 915551621495 823420667844 954910109341 504980102356 970617084285 541912050524 536041916790 78319803311 6873921098 722103770842 934958779083 703750962297 731048995682 749645276266 576888791868 755451409366 897587603650 974766789802 127280212171 933709113967 748406681328 341587490828 472193435452 216673947774 287880798634 
35
584029726376 784505779676 572852280670 112836750147 147283630058 168099058691 62905735846 236054324451 208254120290 836942224771 558601978272 789126665835 164992856482 847089447718 182631634954 526828292032 626301493175 786578432256 908638963336 209803694618 859183492431 33744649089 732241258599 57571413455 305808948861 108321748816 29918103542 372006107972 12327624006 438272839402 535990522401 877548364193 415169051962 413146943064 411701834558 
5
269219659455 451178136362 369980490604 887047194900 661044075824 
33
844342107146 496212538995 784867941683 210253854774 409116924810 166839717525 817604169886 172722168390 468616071665 529807963799 811919132100 281192284048 508725365847 95693436796 448138707736 498616974617 788115759194 880214462617 978485166355 715326239837 761749825130 908587646993 644379283695 117743397423 309884553781 577909383746 323536143743 191000045031 653340528458 435856921139 191850011297 51106173569 323318610359 
37
981989490326 454268471448 460666397739 215525961679 710658821375 137645394473 526258555085 5034023863 490060206211 590469620594 811543123646 226122037084 489351445179 913693704728 438616100511 760571804870 331459403563 612410335299 77571163936 329388203021 523710438968 894494695270 434046683801 510184926337 117115485155 234337737428 846585365577 476531779288 167734803012 986704470074 580502254957 150660138297 466516418913 154219775815 442915286902 873628845417 381224079204 
6
327568317653 149295323122 128069093206 153565169804 269787758231 387992555641 
17
558406462875 931556847990 153275185972 452743539158 988021651252 592445653145 509378062011 392937945273 9755059950 424695734162 481749304351 228021895761 496016413642 63882672792 230407748060 945391940603 268540744303 
40
684566935862 286633732280 133396063024 166413193209 515289010840 893895479386 748971526672 286635783171 251816928563 200919039179 894861343303 1761049971 61623944993 111249503077 522959300505 690104931576 916453415079 724271896646 490388218606 118735507392 502192513271 442363902887 442771818998 419843189741 255745756196 438128380645 35637486956 48663756783 849298684897 723552881872 524429159785 631867978410 914600052493 558831757299 140143185040 64699946144 358448312359 201284413834 443073507272 42405805132 
25
957344009918 762046357472 342362418580 599044051121 320627433146 74504371554 834118718405 251658851371 818936173929 708520919060 304774505547 7243944864 344317076050 322446903091 332692875140 283143409871 944665257363 797339462378 538654765610 21573927371 603182585198 914080642 438305940020 432831064839 428901512718 
21
178734486051 358455909869 257734129462 539730070853 763219908547 676347890156 636022601270 67749061714 609891059328 232312339756 998228175135 119292787970 306018063577 200857142374 153225369740 926803782147 500692617302 401359129495 3038849961 124380227999 599251643452 
48
529216396473 283676172897 97609277126 989868124958 967417134331 220876801854 623999625811 701642512741 720805199230 950587277813 61396474104 914619769748 629795535531 612443680220 136756250540 273088428672 2149429543 357655981600 623275136170 604888138049 623162858286 31785259960 653944656391 406085098356 365229094508 213806089611 964436760856 24784290999 848528409671 926619593250 207071903788 898734722208 753390038496 698207095158 874215177248 208353335126 988298186726 309880736143 13690124798 222407117496 848335783202 707903126066 770931190047 123240186106 472334250237 143273440069 467776126890 278228343969 
10
290706639909 33213545856 756823713738 671924117283 824218225609 233728004571 23573831834 856517901105 894451620845 852089882495 
6
253333764235 394172908567 829669269973 513769466838 296465735021 521081520214 
8
536013172963 776795870329 897192174061 473219164442 269680887883 604178598735 718997778031 194376776518 
6
444579463895 121972735181 518027617881 715164124737 671304217192 241608794083 
48
474958003905 21981512334 413914543888 292591578335 481549842494 818581081547 314551150449 728958049226 350137493405 470575598134 504995295698 585686641483 970971697284 337593576339 148254566080 904763565 857427861964 213114682220 255515647609 706497216282 713482579996 292767251661 957164379767 219762884802 714578283610 457257379406 516436288296 153305465614 952392691421 433811413024 526061092103 937217577339 179211419615 381398952149 315020054847 554911267483 843095189745 656204509948 968050007229 225812153562 497635645532 556818171643 601995440906 198368129015 50972127405 516125363646 699211218064 801313241338 
34
194578982158 421941346005 458361196002 534837612710 618468758571 175428435313 198789104449 606803187677 212093505783 219976417690 582865316797 221918695807 815775018724 258398981622 735559058777 461399574271 623148297115 614934110414 587105244460 907142351228 472594804176 797036958267 169896046400 540795766757 584196692010 8019955025 912254552826 716928496510 618450804145 357222194305 668796768388 5056070838 410011237402 244686908032 
14
617601534792 864616873423 539346476406 275197660061 719188807999 776091865330 999063281700 75300322688 778696179706 168951206408 80142831000 878912091964 829966341225 610288785074 
40
846934219808 347743927985 953777268783 780370176419 97716907267 501719022915 352500193013 752274364983 7129236151 752283912574 158902497628 69810415663 37122037760 315210978841 624020362126 881412906228 871023619047 83216893522 779363498834 853704716363 148519594438 333831294030 755749686967 332510562817 543708075926 818782645001 801099237709 265444774131 955060731086 867722511614 272661569717 852906672957 75166522855 366663291623 49361483883 884013133511 899470330790 327722725157 604432913279 77795769053 
41
322809926348 667974298170 93590758703 612235893735 218153176591 736823401204 772901231014 646882068279 240023622407 415077454295 860347222436 492043721574 676613304922 60808469415 109862519573 659011228839 717637456752 555054389661 25486078199 666831290669 963214542115 584054259475 586477892021 383711654030 883366986394 62060796549 312727370659 687404167972 335132251662 555576203270 886505737864 522415651103 775041038989 90600763207 76881440145 289902739931 686519121724 449266510934 241416781200 175745557048 198627937947 

