20
30
479273120044 259874186832 83388138596 459024410447 99219916004 974993804810 441940803188 506773278537 700614648692 109836186109 751429994137 631256856118 548561418153 823117518430 113740745383 158699992764 966309184447 533674848103 550603214178 171709747713 549915689044 329517001993 344131044340 131162890625 213587342174 111277806587 644695799729 134564733699 141011314407 820814141631 
24
35098741340 951862510340 373631588361 863760778148 834710839253 227904506820 717626539944 589521336081 918638724508 284071824883 518542184125 485673342180 859348994028 446905973083 66475952710 841040794907 972136443134 613539970100 589858745578 548333887805 555143605428 862308815897 430678628442 442990882447 
3
785965416489 923002428915 859061777363 
27
726619086235 194830201295 901996851813 177139537360 498111428979 742833000810 65222930511 144761824482 529134718577 608954721144 80068798944 456265031841 709119776154 147834883542 979771153276 462295825347 12693985617 160229494049 278616156349 651497703741 339127557821 930338906434 205165091415 817252989584 417855749524 483201962091 959084257193 
40
889690717649 202478985838 563681034358 566803435161 426521687548 651700942032 88210566788 569523423762 755334514577 878410859056 256449202864 637566173899 657374936568 984042747907 804743207518 322424177981 791600144185 222012059330 618748422339 596887460769 475493262548 721073038440 33853545918 349014638620 676487771960 696251643703 661662207286 502812340474 169865409408 762272408027 323304845888 613067793527 975551321551 846910899715 84482768442 206523506874 951714564418 11237188148 443578183670 828496167167 
17
573433298310 783232233573 24836437006 493884759106 254348997119 768017893767 805566689949 71152208103 834095561075 455534378280 147417335949 646296788668 329546832780 577558336311 732900443445 640017516293 826954439344 
7
307280155812 484636013806 633232274063 476643190244 308454769873 513086164337 958810322453 
43
630647233942 821435538956 677041496049 432414278032 36074806440 493266713512 680872333397 343451417545 212373118273 392543477280 790918785464 993075429561 665568843533 925996210777 324383990727 611833317958 865213366156 586494702498 797769522270 715179525987 618910785955 728527543203 730652195820 11284191806 707434186078 898225173065 380717848983 551909420452 804641470459 931240071303 359300686701 330551052683 901002834235 102082306808 609214170938 693898119220 540577595898 211822566462 509323685287 353485978412 795561522474 378366279974 174968623287 
19
383594366021 742973612799 352926394009 617070692488 314849697984 22904190802 233235372509 836388369606 763786094491 176575711498 21903529006 162679242245 737651114098 406593101000 563745842489 635068305555 182576861413 142304438069 904507494816 
47
269858632577 617120781600 557608397989 300302591756 901457514026 971036946337 927406049061 189474344807 670662597666 251281448770 577956149669 627300757203 677593585955 858694377522 729284619585 964664355536 846281324195 589497283244 922189401722 121604376963 277334344305 927632734149 161548082285 656882183010 76451251863 741736223381 451781062486 784291812981 688972988762 949053080278 958959221459 711539821266 314101859730 271192328429 79394924052 147012975209 441730571739 583357572344 159957988938 640882365446 930592426201 154416311345 656930119152 174441294394 591093261501 155685313458 106377781876 
18
898797324494 361731651643 718897342637 857337790902 306420439230 150259868979 291496296593 7453859540 716196677746 436773522034 803153147996 204869789714 883501132445 199107897665 982766721742 239875452345 164364545862 137529518516 
17
727634441749 835420459324 406909708302 224524131306 429240537182 346441826312 320282014583 764077154380 629291813931 859669686472 901751270719 529699280400 313476700106 873320066973 851438778919 147410381176 466592648276 
19
473837998957 606115000514 559894470154 795707357914 375928815184 581318890691 76334123213 88857440878 287050015405 568152369143 544279440283 817103682956 582638428681 234992245106 547067722689 138293640736 586234647288 639587593440 90837884688 
42
607125143160 987674781423 44668923206 835802895984 374656985598 916357939879 456565893137 340393273324 424235002072 224329458907 82259274449 746523133741 502540673895 376997051761 161565408964 670294780039 362666061700 34664727527 434301849546 211535097324 260358848537 973178346188 478846805229 506244729653 115095009335 109887911676 247344191337 194748969141 93988339497 891685584370 213313469646 292030511030 365654189470 700457638521 494542634436 27403110146 342479433999 335376485193 16533263726 902696949159 429493056077 521781202074 
48
887922123593 16365800157 64662132856 853347250605 110549009523 178263790291 46673219200 66551592138 246029256774 125416243149 255485062428 615693180967 641153860156 626390723844 503792853902 704212587703 932663421157 709707306049 983409325774 840631190057 322835142239 794687498994 121202115259 234262735045 376941446088 564526266039 296843387630 295204386726 864700568278 540615245705 968047901229 692920954920 741400288793 230806078921 863892952775 661866137092 998599971972 325778901117 216536496625 567561902549 456158897707 604155775325 163818603579 925677292042 256789693063 991458776875 373164280756 60609488672 
31
141492315833 204436553682 820583725644 559538381107 740563672499 634024796382 353631601623 324122735977 576240827990 333878959947 224777037844 137436741587 128885751938 956664816896 255647456210 815160239738 727543035560 76569493842 120569013512 995984846307 660663845669 175772103473 342343439838 209619169191 121939653730 763911263851 373754540303 298526400995 506662185389 729485200643 466605930894 
43
728196966438 429111152601 215555051832 585982018357 564571721694 242106512717 780185743784 644564726843 694044758815 853890312479 304278129368 618702013001 260620186560 514682927445 670214687055 695603149573 3357717384 120581576283 594416024135 74192073887 221515914700 602695283129 540583899931 714324077749 661780266664 637389401660 338152249876 88525974425 43093698578 469173977827 213202816146 405039663067 667812475314 512633811285 83115975949 645071296858 436235926318 838586760947 943381045520 82454931909 88765186366 434588210539 256972323230 
30
490673621906 988963010064 349200944222 303948895982 554558207661 511961852764 655458546310 870009441739 680131452303 722199643708 451069438263 187709890718 458270336980 863919443346 599002846074 255952938289 919145599800 573979482496 303090027005 886196711852 365574318945 134787784536 365609741488 521375189572 615292544288 854025459705 111929767080 370753268018 711143979855 514464017908 
2
66902490448 907375026373 
34
336985145513 516217387236 764023645961 78728605144 803423208934 26121959338 985297028358 859764720195 288798631437 378943592555 99893199866 471483894176 555967710643 483416902052 808665235474 558141632113 609384756661 423195232823 510590001516 725420225955 789690668914 982723723222 597058298061 631216699746 439021361869 987874340103 706466485839 592124357726 752323794633 780657579034 859269754459 373536563999 759680079287 601451755561 

