58
47
24557566483 624006067034 996157495682 257342115606 17697008659 426330262503 890038809258 772655109422 711572752514 434087561727 265210874445 567425449389 291071799 870479094858 428934261264 209456859236 141956929401 779529514551 585258742580 941017691911 858213503395 208751576681 351712950485 295446887441 710872211780 618748161009 891627351729 835078755713 657353581002 740620745598 408307101072 91717508349 642527087615 462258208325 261374072497 859386626957 65817188628 256413346360 999153700468 645094468631 614089746706 423351283895 437351146397 524871625695 245858421008 21423925760 108262306710 
25
834353294894 906097587959 377678995979 243691342610 341123020986 905560609454 308011646768 779978659030 790560872014 412383358671 828543704701 879521953472 7794569486 212374932698 178551093921 240913413947 597237758906 698201975708 681661450353 319002715110 947835751758 559853896087 758093774379 643212434283 796885139958 
44
937482506399 149858336038 321263309651 334875226171 955760065652 250993690852 274580642926 76144400969 710772864501 159078501511 975774647895 578179082392 199347336670 934687598465 163363072640 272133818613 611808475842 250026504607 156126076346 280867683585 514217440255 311886954851 241594971832 762285431992 744404514795 715826064497 27993191248 936519776572 314758423696 919836832719 607831026177 35876228831 422246312795 704357562309 451360980107 638938129641 786539528032 371945019376 189683050363 702697405885 183430704483 339685480000 52234706615 14271807959 
36
579571686874 133742870908 444582262077 542162639495 855974889345 249295132422 940561415144 378622339316 781785031630 944422786144 686700860675 791257969778 50801917973 6483366615 457050731220 640342734693 786061812053 519947229836 643155318175 611622186416 816069258274 291389913417 876965305250 768467342169 713321949092 43617736474 42215411786 975016377189 408046242867 356849997223 573811837669 836911514392 516082352100 47952203383 889071405377 140996978304 
34
316216663410 170173602683 677163313921 96361418974 513733275906 854853203550 900053442887 879382525759 822486280986 226719483059 475896119816 975388353026 634622780222 816814307509 165434077503 749684137173 904138160910 461407548487 161181531688 521817300680 534014761098 657238892395 930290007343 224874089077 805125543963 467473483753 692192647794 726818359710 75150026201 508467805832 990306539953 807045551860 553305122850 911511361758 
17
574795837679 480394285610 682952678630 304884193477 699171044499 705620362530 198953553871 588614044167 984731240655 653947553597 584244232677 757704668780 813935035658 129878791766 676087059067 303586365942 616748847481 
17
769649618515 72221942930 922538895719 238199390969 284009599712 484300873864 69907913076 630473665131 975297270274 303547435253 625853767355 433176056078 69361255101 544834270712 690170162779 595839308300 704880990944 
46
774189279994 523026409388 52481742124 207952902007 392838405922 144447983480 133558634087 502945053229 865360189155 497671934918 532441854317 516743225887 932369377861 175882455680 747194781563 138888864104 426696229339 102181635882 759195165035 413720571663 325401748024 480756673836 146998622069 489844896363 409695222298 84147991113 5754206993 755091523660 760445154451 395378170203 130157734978 4608331578 412389020070 707466451371 477844557827 371255441226 706739857180 246928564356 395160455230 965388516574 190991153665 186673235243 660918183594 67953152497 711188890187 712757396070 
10
464202661049 299581406629 879592874360 694941697378 570150866183 639369645565 960569125643 934499281244 918162788453 26494165271 
44
522229572844 701645746732 65417820172 993307836690 6487272972 342641670637 765932842539 875075701476 256758234617 999535662121 718367027730 518128264634 922752751542 813514937250 533440759486 234892912173 130525723754 828217863971 247963436368 685985130273 901652903664 322262282953 442077794163 734607955862 676734761375 274833038821 682767783204 269424153294 131414306016 332091712097 215147232809 890268453299 270034703549 550958968119 326386441699 545869794684 816680581751 440496222713 87434423636 349645294797 75447837219 973589737155 254756657750 657342746776 
9
335470431958 889644423234 196431304189 563502336384 782372627728 359229456114 640487308657 432093253235 327313122840 
25
552727364403 704302712690 315382830575 223015788867 747745196106 885735513729 72700305179 965602456035 132805982935 351571259211 118437475029 600159750327 515379461287 687569129337 222267171302 741185705506 651461305114 147115236221 70478321226 458249732675 567745682074 65972170199 660754766421 648200288147 225700478845 
16
468028341060 452127317745 166877792034 181975936156 682588296834 16860878187 443349149765 352252704446 88247169657 661340024850 983009657445 875999593095 393267674101 348938506685 226719585731 397693058605 
44
18322691586 42711491725 579276777890 164362968335 838662950811 905067128160 136454721115 229615074636 957697492801 923740966147 558277877790 871524738946 957023293609 608838116363 648543085107 558995160646 30722132752 838008092848 706046274925 545474743348 206104156259 712073701690 34911818987 136481391880 647217714000 257386681318 257330754515 903143096023 55743516134 275620065879 925205821991 74478987298 430285944411 972904636297 431107985515 711323165786 811585693015 146786037524 609156592896 409841439445 515337096745 437681235638 234099188623 183797395257 
41
590333480260 88264161909 247588538336 995964198983 726552413162 327083703894 9420577199 657651080049 408669823943 634980583347 163856248079 337314760197 372859327587 865343710055 201551097289 690469388210 616950329302 268098355129 481804853862 341785696559 255614290601 435043688870 32181859450 535347532526 744478572912 485733174057 566741454830 931708160594 542160900400 974588658588 708837014579 774957729190 673419508427 410575339901 826273475391 406678102932 558276185427 361798300122 755540750021 320554543544 917453158043 
18
960529619049 621043803454 423261104137 116955248948 554556686611 99042637256 764615380789 362050801078 925222175925 952335901372 262171766052 189584136365 681330804962 575078006115 752366718884 14351002844 994792071230 102035893856 
20
43178818399 475747104107 562935690485 966049073673 861129107613 411888764436 311469995630 225023181702 784537938253 735056092078 229432036675 833896555233 116979712905 614215621631 765677469124 568190154884 554938418133 985414672654 926795187742 209321788006 
50
268233641501 529981511646 533232712344 255930479589 196757744033 293182552854 983453190606 6371199941 828052751569 6061734297 70123124214 466732424282 413278640447 512434616527 358440919635 687537133163 559507081954 120185066264 26146980429 231327123759 33420792029 411088958013 291068074664 768691782518 706770767415 37907208 389517630769 964746019347 810892682994 507190717352 509500634775 495280969027 687111327005 922787345761 685943728283 287921405350 336866402711 265750058418 277057745204 231647149959 422613793510 136664719757 808022074299 694891939738 562648021182 980081707004 994028237930 814504734792 774999146047 902636319977 
28
526662888114 320725151544 473256163023 615847680317 717339430554 965164768800 923492212003 48580336368 288942082336 696010150450 86352010356 93033510343 662458247557 869769282323 274607475359 516762711841 406092344185 387884002260 342584769207 851023078430 569174260689 540916375886 813850837221 672425230118 889274113817 26198944701 352197199181 688645439820 
10
837610547133 112204458560 911759658148 858646020531 343111003179 874480371115 992839883530 805403192515 300264075665 546878247525 
26
438543558964 553836443554 865217722468 676488497767 954177068600 17462507177 378045296239 974636382624 761616148409 950269713039 364739344451 937807327512 330964679703 130911752545 145377066636 189137584216 655663973741 53415348218 639701290391 721199269780 156834707107 818676443575 284301678773 586270009738 846108573168 437882242091 
25
736990902523 240589984201 410199015203 255894444753 424759883748 183468583635 654803607825 960028444304 880988106881 9358630882 54422002420 864261724017 378859499575 500908290245 330727080808 5379476213 920513745788 499042704755 932926329600 980228514905 694076479798 531167874202 961677471393 191097292859 373921099845 
14
733084196686 620476566267 249094212927 280276790788 242695348078 723929370386 184846382744 462957572902 827670192090 482234639612 104929165615 728501578529 484645333963 438672024330 
29
833483505093 694301673870 831176863114 226942032761 448276618761 845240300700 514634195643 680196390406 489790354165 947136161559 830320995377 562312572565 262414109932 261117625065 926993118154 818562195110 995069026222 936826193536 928142474889 823814516460 191433075818 662775651779 728128957792 106196689573 21222620725 808533479136 616924051671 389026216651 951558636243 
42
276417930540 871198322219 603120471872 435462191538 360786546994 557374185110 590116891160 661641698139 350685685119 182455490010 117270952116 939637494379 747955559698 610874483195 222215688645 687797771944 6291527947 918997582496 100109825156 687502395270 460738167092 75834376078 919505954497 385471559888 346699839912 962935137035 958709878992 939620816270 595208834907 726036911204 509995706303 690889350985 434896590741 67375447482 4928780383 36762191205 762267424151 335935393831 452060970844 529611498484 858789100904 731827536453 
50
612649673688 69887023148 253054085517 59834722033 209256662122 82141516793 459771028201 434087388681 231271852569 271768125823 839036300927 771535108710 931844002739 356609760399 101323874453 384116802354 57805898946 109007868710 475496370905 538048726348 168445581962 585826736627 575887665742 676994232206 106615986144 555491036685 642395487058 254650667504 453275472861 888772032698 548311322031 934725101024 35348369294 603225994130 660181064634 424317147281 846395820630 323095501292 890009651980 716163200255 130205543482 989356626196 451049061438 230870739299 710234517860 692617868359 410815854380 579095504835 323869746945 241094723226 
17
202839129655 861669155179 778834803567 614427655148 42107961644 87580032533 247740532813 604922547543 875609191463 585690059672 656463458595 404312999895 500223851804 399109431196 202567515461 243724223550 378819030905 
14
514634678236 455155730925 82439686518 510653823533 108784681664 574745288670 679100658516 930486239773 325073515927 619966127954 448008824619 915435223772 765323934343 800692878190 
26
744165801804 494283035770 226775915001 774863389522 566948452036 533379448953 149492385253 191455986485 414100758152 775172649230 690292673237 559240777633 544485021325 290312578825 580136574873 594947216057 244513269666 120979842657 758965277634 882500126922 917427924216 281053569883 718354711706 928994938114 193242051254 515273411855 
39
199131164229 664591953569 786876836323 640568955147 575162952220 124240418657 130986862262 35175499199 16731199884 787193351024 675650857885 444877862875 585794222453 643112993936 938796418740 838331171994 613892106940 171666961453 639243186053 803842862670 90453098029 700012738677 105325154572 102901371465 868915575377 291619243311 153163820835 303351081963 474322464779 760538754875 517068079229 998616519323 635448382292 931667082576 148360456588 900068620914 85150562816 351870111867 366108244704 
30
418047232994 479269914361 119681363401 463996056756 154086400232 965197642241 572952128351 513257474051 442702730861 936246163587 648359599072 76609001685 176524818365 790424916358 710196201421 357053034757 378162906898 731149926205 687833916457 24248920279 495772561307 224188435828 920964169854 581400913885 783006219782 401138215178 403417887856 895302027620 263090599598 857336933726 
30
315330444969 187178864604 592247919875 891897351346 703068038607 805066481784 516778256533 120528956981 288574100734 2148191269 378156609598 177212655208 796587231206 977675741003 942525775746 494021573197 239153360872 717477149085 434427395861 234697697958 532360800706 755289148120 839705304314 867360800108 712175335456 600396297098 409861004777 608953993911 118040888580 857064477615 
16
946198587430 128163029740 832831135893 594465760962 87648991120 553231564591 375078711106 579625632644 107475549541 656622728118 64403975018 480231839435 689564724942 398088692911 522203928853 244733006601 
5
613546799401 599410888304 898706359732 131189966344 673358259129 
3
206000735361 489982335624 259746908206 
40
975740082807 188316115863 493217146795 916147965807 176960421495 440016527104 579096339179 522529182371 364028125203 320253121725 10883503264 862962962549 540434130842 418641584344 953171298758 660289359395 579096119725 559510729664 59025261524 66146055116 241001416188 121401010839 856665649962 961929408668 995669561432 236046297900 767450913061 677106330203 244189487804 613251367237 208294203801 849167408340 717847245747 512618792877 19778667383 473396975932 180948849074 110105971601 568546157502 402924189208 
5
886401543832 227576833337 325043502185 735517074299 235367075991 
28
877188683936 681139369835 835954423725 38111372818 18196032857 90327304860 234660453365 341770964493 230761319266 389355259308 730075932085 772988844941 827054581573 2947891136 355603196499 240600766206 203751340560 342842658345 142427953761 515586843679 279817764734 584427792719 892235960322 458764062277 967624403730 865038566681 76246211015 469253980952 
30
406116543820 617914821116 121284300823 535397001831 953135795081 794996230540 272859074760 371489530874 978890430326 943565915020 180906126724 163193654295 905342686079 568511768059 5670610598 639911902011 47556605153 773375411330 29037370293 42560308632 69613597360 768327970535 614572284271 31068922479 995622617336 568740746266 75901207126 15787573442 212670966545 141109159002 
9
374086002553 146506605604 613645502654 475536731030 742767030846 580869300805 882226797375 394098304624 569288430935 
23
606013468132 136822614298 254111050703 950176702308 306260610003 728485087542 964731723951 270860637137 951401635624 87243809357 985945926421 794243914280 858914035878 615677107880 293564112628 252670236234 843145366955 985613527907 561137917140 300476652433 341976626711 512694759489 325341830533 
41
791480089680 666122313882 516186190959 885787249497 345570609205 74116328631 293631063206 880264860837 880393832487 619982409508 491699780568 862962652298 155900881520 858104481400 412418485890 352300317148 862995859067 641116951443 124336141303 237875260667 273813599866 80863920880 923517236836 427764648836 324032896834 657579536502 19859613455 480418377763 771678385363 434275006497 513616677612 923887065362 555908270814 598368591280 837161361900 878980620980 194185473365 24396342336 492479263092 369577073116 995484373722 
16
663911291979 561178854427 217396588594 567695235341 430021663449 405969756740 108178918238 28684644677 753397907686 489111597716 736255781267 348772567505 95862432431 670592846990 756463220991 122770819066 
42
375435724280 105248241063 791517534744 212741151934 422249437288 294725241043 494644528086 202870000245 1655743872 523157066923 869309073042 884142207162 310808249760 84966221667 983180057559 931033678160 475155590478 448953705831 832423420080 921763472077 224287640018 475572638677 550516412155 48320767475 226437514037 541230202929 806101511296 6917960953 112205556981 948662919901 811623103773 479668744538 65588324397 537109616886 890380091526 971139715969 701135593113 140665004019 442036912887 246552099087 899312325697 955499070821 
8
582072110113 514984898158 250366586497 805293971647 195710562996 20852463963 770658553586 521135965933 
14
916535940808 645764423631 326742390862 222694663459 821556347545 253660876590 142575824819 996043645346 274417940394 234388999901 297807666576 639277809404 291344796702 158099029011 
42
636241569285 397392946148 942547330502 231234871119 105519661886 112787097203 5350810460 768908206529 522368417926 283328744475 537503361435 684151443631 923803545941 680991679132 274114840732 633016658966 675209445309 939294043860 548332031848 925082130082 803397442067 960160488946 644260967934 790159279034 672383774279 304101009498 28044964021 620938781061 703381096740 657666587494 497003482288 101806888832 782329206262 513794051764 228702758205 395060873198 562173520114 871963069540 78070679535 952452203670 807804504423 631893712200 
43
57266225101 125536716154 512045962199 521202709262 193113842416 76992235583 480580358024 951630722270 861837515157 21574654878 342921323893 149717748144 414495515639 406369733959 458952155286 710064721983 709420375596 873569341521 508200595441 295980923896 337970753559 273740267315 465363854973 379822635767 945533561312 723481398932 881972800813 546493392832 530445616804 960014224105 24658529081 180562619045 766673837923 723489577356 111131833599 449078953012 175319292932 261887511139 956447759420 304792601434 780396723313 470448094454 322983240530 
25
40918871331 212050111093 348121449853 462455538163 961837359564 126845176506 556734676256 638361750176 568086652735 394052917505 759891867237 878521642121 146687075112 976626868819 605290261083 721658721713 366821671356 625697844166 873619626745 958396399805 473906751229 325884898609 251021599517 120035286828 483608557961 
46
60152308738 778624704985 690404831897 346576930134 387965062460 158191943807 211415479659 642892822973 17556524377 689295776603 969847670694 458092138564 995979593006 527226364269 418295822103 89107453361 133625233960 872546226466 534789677069 392353891667 567990752629 295485097794 8925287411 354577376760 152626174633 148887048913 171051873439 970015749527 426471235870 248572414985 816698493061 16002822889 298613900139 167313207532 134557747129 399448518971 300357518326 776098220160 43802972731 385652976239 733739216103 192938065533 958315615533 220074151125 706652141380 307208696057 
39
526892893462 259273615470 694246436125 398027421871 611177272905 220415282025 259535671359 558830750043 481277512106 743372462787 289295853320 989543092401 94097955799 142682011403 429458690971 922790262084 12023424552 648363667101 616384899292 923979665808 496549089566 644893792960 777022526434 171791057174 304660113613 934676868887 933495418987 832492149020 257966231623 214729850335 194111020383 429006357398 223481463679 756905130816 295280297948 205521930594 575919555627 594020322344 503347790693 
9
715815621229 102102349779 741103243686 379568295216 553723492729 872172784859 692359809499 705212348544 372715761602 
34
959494786108 20985536689 712790012845 583954426 673213204700 438986736832 754915791278 465712765785 526841013917 467330445023 288545881782 198279832288 771081202773 943572673539 203632393169 78402599135 131121253978 127866877617 692087244524 528785420493 134818231375 151094956558 362708150292 321652329384 435942791580 154821239133 895982764012 641660627497 694754099812 541047808385 769869310800 565558253747 657344332400 68140784877 
12
680920966943 454761011232 357058903318 655061881969 371735356722 465007765610 504510034682 21098930951 69001168867 48026527901 742006674017 408955924625 
5
664178276207 453066419445 668559544531 756249121265 746358450534 
21
798317813061 168415265321 584794279893 242120580739 195921763920 298987146561 68672968828 864882065588 44605336514 352163193684 390537558209 300867420994 345638899077 323790655115 992842534056 637432543067 609795631364 351894941433 548732519206 978969229249 578302977499 
44
954943499645 689660294722 514460396220 48983439413 202898034752 487478224074 340561042042 701496112378 497137698510 941547250643 783657135376 400684743039 544346492140 406533255277 494613289003 292053457612 333566509608 44099583568 44547710066 205095477152 146902866952 356994735801 701042257684 999764200797 727231805635 217291109328 24440038252 476337258969 23007021888 198789678665 61304150430 399970324818 599027295982 957189809732 707204400355 36164060290 236140917037 670131445554 237131332469 826850767191 705572586362 180263426614 754803081278 348418852355 
6
798166283967 479028394959 573708496022 954822246644 318626657674 364627791203 

