88
50
12602068545 564637455895 456216687264 690017343693 59458916401 924783494550 250632255972 898930679234 821052415392 920348897735 916374039513 828643181253 71857399057 987766170409 480159604661 386337719588 352502837002 347537849508 203153466505 551663616274 736777168665 129468193104 235285722929 477043798095 931107203687 382979945369 624484318299 401688209430 531726564385 84285201030 290860577347 83181680726 115551372636 459065815519 184641335012 935968099883 766975577007 940891493600 424572438376 225603466894 125891173975 139629205160 821044946725 619505091121 336806990435 652347640814 814301592463 482530835254 101392881389 880032036910 
19
953475284159 362578805018 739984518437 501162588159 312304385856 610701460412 771452812923 459749081594 536869980146 267209293436 955012177477 800428752720 894155249833 45055803819 755529946957 938471742890 905703903706 223363818914 826925198268 
27
404857169915 100948417791 128266411053 75151690298 78244540367 507333270271 35304428806 414066496326 859942551490 787340854393 367150744999 187409215184 558787678224 869394015242 845737836510 58063337401 773166537921 162216013330 772950537685 600961989218 334291554213 568684069554 225727038936 128799538481 326686249815 492703863283 271239926481 
31
331821196451 376803178935 735446612609 328386509365 14251211371 874650440686 6658192663 713661163341 790657496594 231062405452 69107606912 607742501826 532891565088 406229776434 650356607092 484455527884 200395713142 119401168273 805919115325 549701494427 857492674474 690453642440 985215940684 343854878470 481583726975 506677010340 930339242967 620369058735 843700486583 542155053973 708871669528 
13
516495113665 931490632498 114606712066 380567049450 619810015022 883653560709 905887435130 762478360761 653542106132 483071656257 14735001443 905092877505 267022572236 
17
870954811353 88998578836 370717842911 254015668921 414691080698 796569277839 599372361936 779733359956 431506785135 99667922265 257534069860 632763896366 872473677991 530942831868 882355982159 208322564079 166600754481 
11
581086453321 268032791888 942709963873 705912292346 143704049031 925931895755 316927306666 82910927967 474102557128 118274779771 668833709583 
48
876699243575 357451610669 671569026175 839565016142 896546167214 345613688669 201054575632 367166961592 252832578245 54115324321 857047840797 823430445854 962497404171 257819129908 293621135419 288147014921 809844630939 929907236082 6109968389 983601027482 312598755809 504584276952 599855257776 615640809015 252155050629 402013760360 603866781459 954533390817 928607969440 438614757323 131650536069 604632236769 391823706807 435430932571 254127356238 927160166630 857937282535 168645099818 652128998305 722142048783 87697904763 531026867331 223167214391 544690834367 475984449119 392994110399 936922410851 53399736530 
40
136892891773 255916581168 799311953751 370532429760 333731393585 70103709106 798225364670 235922030761 308110732511 961569775361 338478583979 208248618324 764227828278 162174963305 446136762768 475573768241 479542063491 841543302728 545687507086 333153818201 616111048321 106024517270 961479329244 88030966638 862524132890 270343080916 428840311342 406913997536 998808604718 715281147369 151508945568 743714276628 972018260090 690217684085 11723231772 181473369020 310649856566 951605237611 853244992614 30415023903 
26
904632211305 472566824259 542951647553 976736331010 567427061993 440483588589 203584142262 483025443602 801998441612 118541994511 144774685208 591688329927 384570404836 488019100385 335228931145 889927687681 941546484658 682513508669 894553008323 197187236838 234163936678 982730671364 152143701834 175034611590 350054378003 350089368155 
29
406637560154 945699621149 760799299296 709736144580 150126315149 879883301255 232522341341 744203212969 886315021485 250678822451 626107039209 761554609666 315620235185 754608783721 83162237555 798391047609 908447016071 459008899350 810417264124 654958403808 257567301093 758638533290 774451658179 541706819863 512015664167 858491174014 506032187484 952967680762 106642954913 
12
52823313196 704164400324 763817704329 851963177385 188011756559 135641555222 79916734177 684779416536 345766016522 816963372528 572800274047 935192703572 
26
98839937714 262078354593 217964404807 948720372435 839156229261 605994236416 208027474525 644240905508 94822890702 141135360825 557985437280 563563398144 564103435290 841515727990 745577229340 214832781361 645837600616 956161490998 209230599976 895396774172 797065567485 771248769406 768179348121 440998167729 654362518911 115476562167 
23
588353185233 242739565913 963508794794 958736126737 306936771072 761062034817 909206999141 145783790278 277503890158 603536940929 820425112855 441201068592 27944201404 650138777396 526131428475 762378107121 882657481757 324598762523 624256294282 651148139568 373084284144 442332424670 349281804832 
3
216613057335 413108895134 175475297219 
10
977721214702 957694120809 147377583122 981940974449 764140580107 110981139355 245769508021 179105784404 623945269434 49639030629 
39
234861061686 111515031537 892901010294 295542213434 316129262053 732510713382 868325943485 370448407245 955043767739 212383963975 662934750890 264910167602 70362832277 718816245887 39217315192 150715292074 733041479216 959217466602 198764060063 505549094157 349155965096 708067081355 317007612762 815732336691 411327681922 862152467771 93863222182 163492188674 678931341438 601115659131 163490737434 810961648362 364270537740 79910444249 88508797780 650698692729 408252890315 918957257707 69997958876 
42
404191663240 891678740919 188096033115 95054421712 498475686257 763219570085 822900100432 624731012766 614504641903 836153211861 71719382462 73346279727 849607049265 127086062867 616460835842 247101562331 574981157031 703393560977 954572779325 241937429551 948465387672 933842720355 602426885590 917720522068 517251934020 657512822420 471129445294 505337526577 512592984639 783904843626 54122232827 476753341422 947042822169 682531283772 268873736075 267056738054 553693350076 152005061389 693802971398 197950473336 248762326778 711514159389 
20
539729233379 480261357202 131113637291 885949649979 428560328742 555952403254 826782049896 122679905237 109328964315 143677857711 315742102660 572835977158 673069433983 736032676328 738580918670 528118532615 842706888052 301244281404 867750993299 334248393673 
2
217292727069 916740564849 
19
46703917608 207449084496 786756231 476981161010 351904853468 736869477035 10092380482 745203174586 180961858508 840870630012 572746984219 453737908220 67807914433 200743331374 468130193921 83085487808 302593093183 913873744746 153384477580 
31
66497496034 811201083574 102765875967 182725217367 387084125931 741254180532 496399994544 724968084269 958859815814 613852228146 31074264423 549218357330 656672133772 299680208073 61500946464 612931748752 664555010147 463616221053 930698191099 913009940813 509520164542 198432896319 940320667713 21380408730 565700146444 877387879445 431551415644 118837996988 860970206820 104605572702 146722737794 
29
308708328054 995355274406 418564713029 222946887293 641121185325 541621629956 867341910500 621867132087 315920776791 281259364788 978899449839 432256386870 85853605562 923313202271 14357818409 726064669759 508165239391 549864706456 844586843095 382549364565 780836861973 366613964490 825230102980 679312376566 377462863191 779520571294 57743626438 556841309839 647908199804 
43
813780446406 335981792796 621003961877 51444818858 550706538398 9757757325 398024733720 80473991278 785114061875 843150017602 664336770825 980794862830 184413736015 885177467141 322856372577 166662654306 709841893956 118902959784 613483529222 309290339530 781179731354 867136814714 262590268247 952978847543 360161350437 364027876809 985771163873 176096591864 325826573319 260983440042 425006551288 300872835306 712423888950 769239068711 779029902126 514605530670 846851516944 430350728525 259802577323 330680778450 316575988925 154746338041 134709042409 
50
657184114620 708442576027 650888697758 660320892873 575690782602 556581545964 235734159541 535709319398 807561018967 820179742248 424786280875 744746138351 711265939832 926984028267 465763015989 368224354464 912558973826 242939932057 604525030531 726845546866 106315857111 126062056548 695333120956 264551951426 888107624975 920287695745 188524513295 170484924693 818878885853 358194663604 31683639310 928858126333 867038772976 964172228630 34727230938 750079980890 618081782836 673583243610 886731631272 152186198579 652250101765 507652949492 645801120108 889742111768 692624901158 626735828850 591215467572 986930775758 284333277367 819235872497 
38
50579752571 203595592364 846340937197 517174721965 111606360350 1843233235 115970525749 320065042190 657584899067 372360758930 481023021121 770134258609 447910339209 966749091412 936475692505 540274393501 349694252467 980475099075 656740698277 250923878581 505440147019 694757931726 156983140695 225299476063 387875547485 4935795638 337176501715 114608414158 458462749997 334252544946 501941039308 92480945496 560618013537 734793685484 159528529955 543665048796 47971230911 641568934496 
50
362942380768 908051422771 217571552361 806865831017 934497560887 94083289373 493237364109 57064958960 93585899187 421500293051 573899085109 10110710734 849911564735 54412145994 457296756021 850278592857 414338140758 683896144174 939822389796 196850908910 314550683208 855948556637 78539149035 779436397669 948189942677 759189313645 770376373207 551201090220 444671335727 293913950262 522090138133 230942881845 638533568364 243832328593 277715538714 246872426652 929433732264 739857900473 622754063631 406053941929 961086015266 487979734335 457697937232 701191088947 500895517623 888296522296 506460279300 688033262946 177142762555 143606956831 
34
600029012663 534523357551 415197984845 216008085024 36296410975 319198179857 537445537830 428549591905 583158731284 745972451176 498349671739 864035204315 499614122615 946481147889 675527623039 481468612119 188865754194 994115556317 100187644892 133911681524 413967152268 724551530448 569396564825 832012186626 830527438034 422318976027 202823005656 668033110069 269080147848 924006477201 514447782239 566705065803 255949889452 69205211511 
3
772457974333 797507369678 472426310475 
33
415367671454 878990984 660948751085 489284688525 756102480982 53713362202 230510693379 328176214258 725976821932 104850318436 337794135640 29138530782 516175765208 465365020092 262272467201 744978765563 524169977054 853644375766 959286312059 449711145038 194327910666 108041637783 41567201999 625203147196 799321697676 72829751863 115273570787 515849062435 822441998863 116614820097 603321330730 935003098068 515053882202 
8
918460727264 632567331748 903507092238 735931222314 908491134461 781818383323 891240370239 690786564068 
43
611605325291 365738265107 803158777333 210516974623 350849732242 756059256437 448853073477 982801235874 618330828615 658083777291 175503979694 277777665514 156806173032 798822905618 815377668142 627211025259 382196219526 783840186353 949361630800 925870775484 850945429364 790462726781 802040616247 628221332732 555114103232 422072987097 892421118518 711452883715 260861392803 754372760439 420973972100 336586375651 584817050529 503615560560 12670535627 178023076486 304411028956 165542775874 300565345708 719778212808 377350059952 104733149456 827600741743 
22
451258576194 802825048477 684186220800 859198773837 139533808804 462843552775 247384112330 559948430815 613558354585 481545423953 296898291525 620927071272 1552828149 687216661056 562194105416 757874536030 854232354583 782699060744 17849616635 279902091017 224777853044 498493446765 
10
911336171787 710632640824 753333941630 585240971968 38810925783 743660810951 972243194401 271882034740 319551680240 792779710220 
27
589230049435 98539496414 123057176007 115693516771 656969131328 535533264982 502105665343 728282607877 352396802074 228608396845 480769174660 497716790991 602208222071 110412037777 920958836412 240142975067 653641757992 748555533329 513933463410 369156667240 186272302011 624015031585 257565750731 594546268259 222896413837 821409037959 452189230062 
37
862605309421 554096452470 129557922284 796779084321 233557360839 870423747260 396234245896 25357514611 264115896948 174159472798 394642817915 387054398889 287002392306 74016660022 873505338945 678865780540 216996627008 899278628374 565076044972 574245450690 472250150666 899932993853 21897904218 757457806198 981867654783 387710568596 110606762910 534669262563 265925037287 123199450104 620990465565 889154807393 909233730036 265156132978 22320136843 425795589786 525581984906 
10
727380545639 78529271349 552222409651 50222236033 834795360414 805413164484 398242555101 41067328813 371188420873 272542571693 
30
341476211150 804133934685 234500822805 515477713979 625793947752 559531906532 409524530657 192490749536 345947282177 441072516357 445976183839 848164827222 64294706701 725841295093 41041766334 462209685337 407230993980 662657358378 929614715870 186472062986 548416078423 187278925390 194183832958 184982066089 706384288185 993150991607 725204737548 231256391705 11016767423 80195555010 
12
510279739410 164935391691 378918093445 894530624563 54181755553 401163813762 17296025160 793108307960 124193335273 833388665956 835579321933 901911330560 
26
673549107422 459815918323 444365875 492896609297 968505426446 557571880900 36730087883 71844637392 117285153729 463732460681 73213429257 487785064678 286346361075 233874862253 752574667696 705690776722 441926381258 729138054474 217278400870 249719670156 50983462254 753252837675 821135527008 909126413881 624381350155 189193223824 
16
318110889617 542959692037 555083416951 793817568502 707047858276 928211194883 926593642075 887869403940 167736235240 216032141292 888160909638 949479655415 273660378210 179967830098 243329206393 811334651543 
35
394809511119 341240938285 812390829776 65545331449 461276543649 590186585462 660074156669 882118630212 364231988286 514500757414 764338262871 537807752187 411244098278 210273110423 237169007756 612078719293 135077598094 78682087757 214987703035 483839592190 570138955352 707777601479 227741637572 586387189791 489175803629 438511600681 207038565557 679337155600 677370007791 367813856960 166567746162 992426547983 665289128586 616625865088 302845391850 
11
813855455472 942026633209 295144602150 901536703942 774950599026 759980974942 591906749521 515403476479 121307938687 138264968432 336199255713 
43
842752461752 520733780028 421361226496 763024923357 664350640839 956630625874 975738982044 41010014496 177112365317 473245763092 750182424413 774131461209 20662338155 405884187353 525567822956 395127108560 216301226357 679004593226 31328923395 165944097910 462912972714 852190820783 766597227141 579817580686 270830559264 770989066500 44806641240 84981004220 192348337565 618896073259 631469471526 480707054407 831419899559 490955993984 294482840950 972342572025 128788465243 58445439199 288017139963 745030554428 271149252895 405239770822 470154734361 
5
15114799566 928940787689 187207776751 350316657920 685371219301 
5
177483538004 834256349705 538457844915 957745530821 172934624360 
47
183966186422 848763250727 99900424261 51881185623 883174010289 704170508779 776212725946 977708460257 599618552402 497940052295 619994250988 822763910761 778149952658 737277799592 488286002056 846789666160 887456631379 999638032326 929116927356 126144486597 624254838569 708136426261 797858465588 780387727055 795559514999 407042570378 122817394042 887268084790 233730443650 307484201280 724382496623 322223566724 432469400286 587217849350 149947371127 640666436985 568238166390 363333036186 870688088353 7736496089 289315904431 824927390352 155906677396 901472466113 228837603669 907007718688 15280363722 
32
656560279256 496646064431 211822076367 978461789067 694646463949 227847388896 760169770077 298014994182 323974767185 56137263167 935287257868 632026884717 923008763265 305382741969 2749747171 598455748207 974010485936 102676516392 546606010663 561817857427 560373798657 296878492058 967806476263 736218812630 674287048430 640642383423 778419469492 368523839013 939541179188 304337044259 900410117129 319809811561 
44
123791090386 102887808763 465596158986 554495410152 15280723651 445933380983 354902623683 818317043416 404171979874 546926379357 237397655225 830013874825 857520308303 539105277039 870333256155 157907584398 625013748615 842796758680 708928956945 964242913465 417670135587 627036142918 8840980277 571014777742 877247617816 639531900147 647770877684 908329104359 451297319007 237727737104 936028793561 113609878799 857938972433 411460436236 697292982528 887766182581 847114105367 819963218075 189165653351 17785920273 954964702510 730951228587 527980322868 239375674766 
32
332019476813 29477194175 487443129187 569653950792 888081269077 118447322317 720696500042 154338505569 568151827278 104634441235 598916633308 221594219441 606090723854 867653360130 470749960473 758439570743 705008615473 199167313058 462046190567 286992640691 543800102826 55713320378 849566426962 578916269441 955099911046 274667624934 323565045495 75822433491 152623433637 266637758680 255218157853 652568261126 
22
215214665254 189062208149 404420694189 770492676267 15190115373 643719545737 550845879418 946472080890 627686355958 706734591225 128293618904 470564279724 360143194115 204871907951 970976105561 973183492041 939012281676 108947894751 878928634713 423665322954 268926616678 650214167571 
4
434431808671 543308544431 250628892171 981585265875 
32
734971979678 130555728771 74460165991 471595654489 401433573610 422504168057 683242703445 144345281037 680592110311 220344457814 479283721511 276091345397 343252013496 836249567720 365659419830 355792019113 611631723540 98833569228 433564555088 27252063990 532854432859 975031457821 971514712690 598878599425 454560118001 584616694197 654754976273 526811982630 137624571004 739572143984 325639354685 419851392536 
7
260690754485 775246918409 797257484745 918441405625 593237820613 528136464088 334294960014 
10
642853183892 280704073023 936021616792 68462518786 493402723754 962930027619 664985912203 645859047458 28549721235 189113485902 
41
912587827511 411471787895 579531849453 987950318806 394191817666 140772342744 345859344169 588923231377 940553370896 896584688376 649161838675 88797545355 352503762438 499596992303 608669163488 519592289022 717746193805 931115737379 709496310797 85979298932 744571526141 210586173109 19333978948 68427490762 424059582632 783701357755 295442523569 479908962556 260126109880 588066607812 259294508887 286563080990 286127740692 793432566096 701217816419 219953438628 571610281278 55120571992 763562934385 296115116549 265546178611 
12
991662095475 767273525382 165033099859 69611511591 641534368043 643251882894 755356689753 298617103448 307959071614 282460178954 218955114942 333612607990 
3
734700515104 884536397230 221358744240 
11
462081585284 306723097397 780351636986 677235348080 558446628272 604385881512 143039443404 964214259690 606292093021 952027838886 356899157749 
9
115005033164 976367961209 979634799050 808954006977 256510558680 500977992813 579770039335 738110778905 4992317597 
6
767217132849 918477910584 436588372833 622510084407 802582545601 653906184292 
38
800592966691 354550155431 36845753842 702371957968 740086878425 825512359451 273438654389 279861699517 706475535012 356493762170 82980645517 103478061611 461554385937 144310938449 872870797123 278382304900 119487992844 56651950180 632941849908 653355570201 53149830341 695827597811 994924776970 194017672306 873008552156 9890994843 154797652190 710165026916 428894874928 264686167882 177422942954 5254226341 455069382604 460398400377 155212309673 394162232441 984705207479 356738380643 
30
219237493784 625162254307 118501336881 27518342703 634791519755 768150156937 5386330296 649945531007 932491352521 779229862416 914672746106 909937866821 933118209629 205192205754 142551898055 432607651370 444018434957 977074700197 569811223718 108608206621 751239240929 258995024885 349607111188 801098581787 694679924984 473558577750 621825016330 195293365481 282362028222 158832667079 
50
57686547084 480541835474 106981978161 417433237364 255941830174 32592762093 219048067785 963186880782 191303420869 759611122565 632280290439 270783442312 220861540253 267186552739 262624692930 100551836897 167778389649 42872930118 145334566679 986652440110 852898249094 439316138846 937161857881 93044628734 403545857073 658782112120 698843903172 594708027603 862961289275 612517341195 837226183580 264262728395 756452303280 913818578602 91879984618 275227933837 760129208048 217840843456 780616911382 443070536874 239120281712 213983827817 151649921298 572234568895 14953492227 479714823760 528171135127 369538002330 438260009367 386588636387 
27
199988955150 625925104420 431794163703 509561134307 429080330950 568355452568 165024303984 7222482015 853902853692 120749434371 199957830496 193293603353 468473069349 877705462183 566080593160 267183978229 309479884489 393801709322 755909532464 145472304366 789990182728 831315193133 181682542527 28005143148 186403217340 10133180966 657205188909 
25
237378220418 200395422076 509136082402 40074217670 518879450699 637422580841 365965763559 68928132398 841487675887 307017365244 845761167188 855997248586 478300996040 826594727983 964683209154 740188029997 741818286755 7028468683 557385718546 834338165179 809127879152 897237010400 271810203326 341514596412 842771468142 
20
518286325026 190067949234 25682177911 151901617874 113895212037 780336237004 162520016474 481209932692 236195506665 992922448064 584605442357 65591788703 242651932952 683821180390 70148855618 298755641942 740918557696 256889255999 325482581422 229515559650 
3
68778422184 563300626131 299692865283 
34
395765980676 738923741658 271963950382 4462252731 984250402367 160371899978 891370906657 997469797934 178180195857 590279938740 98534653659 130748292227 543753198737 692683061641 750017056406 480129149436 223043806783 249544520094 941522743774 7050269833 114543986604 715494545553 943775299780 284047978834 778978336902 707453141931 384809786692 101579852667 539353136904 211215560706 994612548465 457118387105 348757079241 386335891632 
15
36870173415 981387475114 318409072431 865684816752 638057581324 729059739506 395190216439 624935598246 628501897989 941667697864 116187431753 168162969353 439612344220 49302703957 249226830246 
26
797332562008 8011441412 29058177954 207826090636 62173138916 905199287628 418460064020 757541926853 255003610119 61533533101 568499331992 342025472916 250521971012 465889833924 751438133883 252588201379 379621377945 339510481921 480249351345 318882544253 926343039693 762029495765 449858667258 457913828486 663273947409 132488933552 
34
654585552830 767736746472 631330274149 322939295584 496309284459 414433731927 671662392023 963433026696 456548833009 43977452335 875124435299 629486088756 374146329715 145923486909 726494824364 210747240316 44901121365 487195296307 81399847900 908818255171 492310208267 897056496950 105403483629 471960555741 979016447212 766190482682 678358153999 698774837609 511439861234 36410254427 75675790044 833919010302 371013854479 131154592637 
11
705642583041 52771488811 857311652260 853265705701 985799124914 688656209642 897224662971 964150018706 527910458309 393190874607 825068888464 
40
435727777625 930936499275 433867445207 921119907909 469648103402 645513259862 69624943765 975773499731 542372767469 236781622921 355735226345 245392126896 664657112365 812638412369 605634136294 761311028267 928467697807 976928002091 16628493320 466631238091 964558548353 967654137411 106482937786 534161216530 797793473830 860869372083 521084521957 672215879293 664040351582 433011089401 471620080679 269342185492 241527422119 11381483726 670085085882 633647997717 896432670976 441652121556 638657336504 11029586507 
33
625148135317 211588936203 963152473837 887809629659 885667926205 870389993770 415426107036 927771258815 940374145606 189450077160 834930693767 360148257539 360792695146 372182587500 75553815890 569916371572 239674449473 347245150023 81736884299 434688925116 845022340037 426972829910 730155576862 341115536796 850337647750 833543704896 285680133440 902191654784 719842497277 348370857662 794334109112 506329773444 354855630371 
14
401542261034 392873950833 983628929909 114158422025 946760248316 399545160768 694202597710 30919715985 157258522954 587927544822 614136235600 852832204221 663611874768 328808404636 
27
180369449960 567998554140 863066343994 200852682240 580624833065 907776404968 304479421400 172845263009 135086908085 707121212817 877862835291 718125709413 178630408027 490144793112 968555375888 42591577421 952824617604 855280034088 233704151216 680831637087 352447796499 401361374668 984165228857 457429571791 625552315874 817646133401 305033229257 
45
753329876038 291826113574 320541013496 713154950241 781014248074 932427669736 302011941392 70823341240 751528655847 159937472002 778991352866 126742191168 389411726835 693655285112 504367363505 887688281017 804698677494 273297349341 95544870632 554282752458 484165093998 57184984431 126192876515 579059247652 744716040000 986539128031 316191900381 996996208682 579372341813 884934419883 997712745555 130394326481 13696857349 510559650091 144840510084 878404186923 161845085862 366007431814 765489871622 317004140967 692399348641 903538661343 797689804050 459045741638 364285762969 
34
978907660213 429448004301 372261374667 325607663344 640890814705 170523557219 144142229887 151472822005 623532680283 837753759042 104560698107 389428202789 24094703599 317539600312 345974679351 287839255524 20936406115 465151596696 221566211229 585813630713 969523946715 267950430035 589799961188 567416011138 633849993622 78515517024 867472600874 949763807918 813624313772 331366064525 781382640887 84269079353 674337448077 143761680906 
36
428415255829 382613594791 364778464416 611644908712 666957925788 370103596774 182959218683 715341752245 987340186509 781772382928 593970273676 649203293357 379910335515 632860408549 957068343477 884360406747 368180819926 277884554069 407121398460 259678203908 873072875893 315530651157 283528302707 738382888003 584329193527 898030634900 897564629773 671761710764 11880550221 568245651270 333843905882 432666267793 606649251092 110283360014 664588094914 731286136165 
33
544559208717 52438139310 90514624586 651542539967 254438533184 136292918177 110670179708 331355804372 914687331562 373089167155 528529903617 944104677863 815362799571 513194418962 602905326658 439964110547 17159296086 935597776690 132098183326 59147061188 74511043711 794872726569 700923786845 535254548337 623656347810 165911844197 457755530250 610081267800 468065385179 390300921182 679009803290 821351320659 962052461395 
20
72853530633 644755002881 943764588335 995574289582 635063674438 390064732803 842876288415 502657752873 283769090802 192433725805 528797383580 935334338920 756731348806 521379593021 776131676371 227395920626 538897445708 732759079112 94102591017 339662436655 
9
121507819973 415744431405 387108061464 74643710151 601593697839 961584094458 306120189637 37147997560 135083087161 
18
548088251040 307077092370 863901723917 190267558263 363721235838 750511995907 568358802470 768163426039 181652447734 878060006271 320589317859 861971364753 604291620872 694718323853 234311655156 592149800929 496886524733 29687863241 
14
875008216321 632813241733 163953904150 506852863502 859891864579 129547849724 560161584239 677279140067 899197350628 36198485490 217360806350 203096148530 907357707667 322406998021 
31
375771635231 841590393484 884737395591 337834166511 39970230417 124207431220 693250963996 893328993414 416083294482 148112955903 234730080065 339183382648 909052465113 281534863265 710861139198 458362879711 88255157829 624055899073 2741782019 365821083051 126981450389 508359414748 233088229707 305230780180 923297970636 864295840060 191336023674 400615667266 536540838662 417278563148 167009590972 
35
756427364777 826588834837 632837867971 672295724797 548266142981 22194752864 412337107019 213516770842 110011472403 87004772340 557190411070 695391010726 133312859291 507552706128 105244292971 490713472432 194627888780 456950190285 235122743655 81068424850 949045412695 680350913846 686642647639 251460635736 335795567653 696460042942 444396657436 102551078793 987561483089 584783029647 620130379480 511930535662 326653724745 537627707548 459423556269 
29
92780212266 809655093664 875335830108 739347626882 979228796631 270848038502 805435470820 979437251598 681704284575 642563508991 497619180030 519981009645 410619813958 122992852318 806404426302 698456167883 338938397230 179150323139 944300088182 597208930651 586004900157 937452016921 928954061395 853049982835 123462624230 142859366617 976112494934 446993565641 80108028031 

