16
47
30383029258 780011436214 905274936092 943657961937 100662786042 870107948434 941661240110 137442605050 289010264036 673112295517 611615922387 119679679310 729505392401 8708225371 720822590766 771078128623 741628859192 423666737629 704575960546 466582356267 432011317733 666296596214 931063911523 857738385822 435052996242 155570457565 323857882291 785548613450 449458853306 892943735618 568216694346 601697633645 355151320704 860687599032 871931986315 357729007475 408501194535 511064561145 807612049472 861114006295 496134310450 531721901521 123591078256 31308098531 531210727873 769066970754 551637204353 
26
15845289648 86170859298 29919256152 53353489800 738090766831 681637934687 201471851668 482103790568 721339743298 270124828488 544303774734 667677431985 378480047251 337958472640 698234762286 449706115732 503673623156 755223121532 129929927294 694453421697 503420717964 540749644790 907737661525 727277185865 196709213644 196561201766 
23
525904365549 306109196537 688343932369 386124733928 174535190031 627708551283 847260081967 245042095774 113902288680 261887970954 929334995317 835676580087 99486744182 781528491285 942203653870 385131547164 300696109249 687257068266 827290693192 706438148404 691746034386 72650304127 174667334614 
30
33059567807 222705062907 732774012714 789783377918 20245333212 89499109131 201972949900 728261891090 96671926403 42717168174 165292981959 856041276771 138370799546 545174191749 464676121320 411599892196 348388633321 153909481286 162420324540 246172835450 763935060858 29486476700 219208595596 580396322731 954347582887 893010462857 257455125833 30112458180 260272832398 187576336325 
19
577406570841 975040680568 395227715627 843689933089 42997107688 694411047822 377573842947 596159919883 979246570334 143914814116 394400543473 811309029573 411231959789 693064764428 342829856796 411550680194 828285950978 388794126395 600802034681 
49
12824012001 342919118780 972516072638 110699989484 865093587520 819473122762 194787009517 249149633429 395370320615 347335905289 491856401235 69095379238 143270207380 323203153913 427075048699 801346183761 448556213053 123028014950 531913444744 778025473398 567508195051 846344214837 854157274456 568865194253 426626991337 666147322224 79576069213 425792330587 18757825476 720562264579 244398647045 497408848606 740381134761 345294371907 930933463280 526984427379 930225709324 367669369659 660285695661 821273905689 957601300029 591568532239 308674994689 549033307604 703523120732 581958531475 665140812590 493373470154 614760504159 
21
329237078443 649992502301 557023245962 673248337353 222038890918 544519842178 603118329201 524970095964 463080843761 865572554007 83540706372 697872159830 615163259425 751107555443 319842789449 266973606094 762759554536 896189973744 292091489329 280411464291 870788377261 
17
650718419521 302668768663 362066351742 449756561248 876987515118 157118295378 961051227861 590879117039 479422796922 668382963426 665178857061 351247828048 322456014441 72489691440 332975626177 164138087862 96481880330 
40
244375664440 673096408898 301500479888 130378041881 336404507781 94244475121 932401264640 595351912288 428461407223 119193454091 758954953063 815381426394 76452585163 751913730754 759144470940 813502187593 524457202434 978530405250 301891293471 877214603363 21365957136 66663471405 588837669418 483967589161 86655288813 14121541978 671098468134 506061791722 917595472387 923445983053 538093212218 805266337550 302245068162 591836416564 698785950413 861597627074 968344842617 895076241879 524782703515 680997165576 
21
709931138504 333214052284 311514135871 324683699500 903287144721 911942068936 978654332114 645520782703 943222887407 328219247852 574595120795 759297042210 792482996378 188013942104 42096652779 79843553471 805975966866 223414792214 90173953478 815204222643 53054655265 
30
225079999827 904651578368 999102406135 842364383467 226133619145 208318585395 995933220969 947920296196 923757765496 700663431089 198734510085 561559264225 13803243412 595227209304 923049478576 551558902011 838267184531 832302415478 185192643277 804936215130 390734466897 382970579901 403520775035 674416847507 225025362486 658997109377 396996848927 688625282610 217167607229 500514991043 
46
587985533171 129432676074 139878701098 664102614467 155491566357 125973530910 357601774383 859754013718 143170707775 118244399118 768247067426 529281418589 603374811076 766535066194 50414746379 179152979874 712340772058 34753807287 394046416207 692891586295 255216645025 746718667153 902289122508 606127104618 15948251776 342811453752 36299478307 155984408242 13177381599 627605338971 982659339873 56735939960 593227206368 2620583418 815736926973 23385415147 619084419426 795126452237 139793768409 44130365022 991247777856 668080888411 652712956527 252830958117 474230207435 638989203609 
36
700207586844 338694201542 704312105938 336564591173 142509651478 66991629880 832993476884 511993102717 287921542726 395889815808 484991493523 903587279469 240132281941 933247261766 523072465629 517756101232 198034862035 971678587553 147301301554 255367078522 338828362324 427941191597 123726570130 720474274774 72488438389 559718326407 982286205546 119503465605 347937937410 178190672703 23536780959 917478779039 237266543649 33691640428 927697195018 91341284977 
41
252759008279 245438791345 63325972670 915549576238 558380755618 814007848197 691317751096 976994865181 131331144353 357481810941 553781645252 873903798302 284412736153 748682217511 372269396102 28983797163 449093419297 566713507938 970329662258 835953817741 367698076858 775835198055 690322794533 214595384021 34549935563 613295852938 972324276968 326970027410 316664035585 180140035248 932130757676 684257407524 103231969469 674190417951 152096530411 287516424475 171445950410 804404245609 135089655666 118843712316 360035216774 
39
589024985730 113509282638 951557613262 343927021943 124932635355 372636561989 9366390104 231751995981 711526837983 401145971050 971572570775 385636846053 321176614725 746428474813 947479708599 954112991229 652831117798 592476891208 350208736677 291238877672 13476027297 914954831652 619683834668 956910285153 77918895320 718833792394 80888844015 593583637895 378059418138 875955504431 801575762045 722042329249 432614552739 257085567754 580157209366 203323414237 857824688448 598485031915 657130394849 
2
931952132339 398956405359 

