100
16
443430937977 153590368163 393139387752 346090119135 657953834983 864838730736 381432812954 540814399627 38688110388 44010706430 767606964918 68021941806 215824046203 838440647755 486816026546 109305877985 
32
802768114227 297313144695 344209163292 591314994638 185644117582 368721676675 532015718040 320680236301 385485239515 616472337934 478290269466 80730442392 464175403035 300695747805 188339277848 234007845120 428158513592 678337604007 643250057501 844828798809 76711723149 274287508097 901622779152 34463283035 292463468104 955199966709 74531936568 72393667752 999728792640 92815722750 429838114108 962832900925 
35
218263440153 479674739124 624108747647 170881153511 658464724016 888312697061 547775639870 309962897255 368939952935 190033340200 408293831586 199928893687 665690647844 697370483882 76768612014 413821337070 951563881784 605294896533 364013340267 215221221930 527696710946 730135324681 181763088516 139666218493 412935619593 691341265606 603317308102 854909342867 882913051445 838335438804 724987855823 700217834106 25136756915 931775917932 899243785159 
20
391575016415 910570335327 822975417364 134383941503 802933265014 399209032113 486620421507 18369623521 863979690782 407908201087 43782192320 350669912049 527984489599 753355784463 746405443429 970772453253 549623329633 356754352639 302737834693 827636107507 
2
222893535859 260942800810 
28
478909101808 372420427239 32681441415 33429163836 209785331872 302618278004 14332839394 227047892080 480270325700 623624009428 264115345825 228744767941 75378730081 721950472230 498067919831 542426908710 157074767115 240787351742 204423715742 823428163722 923611242283 624439230255 652930887713 535222691002 612118018093 741781041139 747126396400 513725555168 
30
268491751382 15567139937 247285251127 422044300110 63286379654 287283679062 196579338903 781438373040 511271015352 842819722968 136364143592 238397563363 614111396531 395640197478 295231965711 651372550389 214389594348 300458362889 89127913405 382417798357 790635026937 704268897593 714209927698 328893486101 941412392146 768707570325 973099300186 759981190033 322255012896 349080970101 
38
529870809685 387600667102 512783732421 74256200917 292948266678 230987268898 595978786623 113347106986 483948555128 648980911571 895822159413 962208118983 324171122710 83531763750 485821900694 818232531561 986755676794 314222699760 808486100597 970604823340 998841344724 835982713740 333790032153 830668949859 983520517347 945809541559 271533489251 146141609840 603565207764 577022812906 542528512316 917783118535 59452847165 110973424999 444167947816 655711146357 750523745771 966264918628 
34
818378809807 562882245841 152881085122 259626135004 424671054501 855558975894 544504191353 463403950844 846609859620 72027920261 396960281916 64583972086 694277563493 235168883762 44330866292 107020638952 918312122463 22922557612 572512020017 765050365024 125747951829 895835350382 958849257762 365722845001 841481278025 546694082550 445848179593 22815475885 904289621668 598352633419 691429780972 279591416971 389506577922 768719932331 
41
937070678540 219360806898 567557674502 198318451596 421625935956 44430898255 638838633088 444386467 665562782128 258950883277 684974260507 813420580924 783810612117 996068923727 787883238430 270586113053 575611313233 393605008414 444246359867 502339914570 548586390792 408753442038 717690425631 872792721266 349306170338 27368944673 760947006410 967067313503 393664038744 745703608180 640716045906 121140597626 533084361691 891780019322 648448742218 437308247727 721475656076 133799500186 592424266692 797256618950 211705376785 
17
773087122523 72766492205 987132097134 300709089170 553708845096 703272600749 369257289683 96684831202 567039693212 555548918092 436993103091 733309766195 919671366301 936366658297 480098947431 855357291671 389723711588 
41
413438596168 153340800614 986637932026 126410861553 429645344938 557391368350 975492815405 381241834304 721943606130 860082333174 828440063955 133612632245 23851920948 904002132970 794174548098 968059636214 596967615380 927587177730 618426239012 224825349869 177919490457 79434007066 637923040459 910734520686 18296249158 572954503201 32926173074 282038891546 354666129152 775524896641 440416036056 668422975667 929980158443 610436615551 152669556640 340170102021 313569028343 838487685468 20621549361 359137764554 959427569597 
39
361342853268 214210723696 217842452113 926373628252 920022332914 288182420537 793213662149 799466475973 633717953058 333165129919 543822864093 705541407004 725200577815 399705607709 365671510459 661908438330 217343173079 724450363317 329645954900 660415911259 373783134399 461620984138 505256066733 750054934582 389237551060 775431150349 649227051402 126913112847 269804037113 638047555612 197649238408 65286376172 886764527931 199876984423 888662460041 329080443214 844367719736 902714275071 347691588763 
33
775632376230 627558299125 527170020154 372434011586 475927531289 881905561632 854835661571 488551779404 292255577082 555919102777 681863030013 686312602311 438271988411 709164510844 182829222455 843353082767 54028767602 35491413606 637453737490 287510800720 676463843800 348663639421 841291766912 846197348198 728087081986 764185971657 1926712518 150304012161 172956453434 701225878233 310381722872 344855138000 543434752232 
15
672622653109 410944603917 760368071799 680284745655 100254136182 299690040517 425302616543 477003209113 479267603287 882986319147 759677896793 565213671515 732710516613 641850175325 588377967404 
44
719728839148 909895841801 575662978175 600550567138 22579626435 866041205767 925890602754 144937690286 765279828526 270974503401 390336777504 562728888621 666544357575 442748000873 414058180772 561744803007 112234288071 965969191258 392074432630 101820184056 252249029821 626388771708 751526289854 456695338420 952894421529 595967317257 225334628690 715616487953 638143444251 905286891332 684764600511 831376052831 573106638082 804635685036 452400990624 585520011408 425321341863 885562023934 474281938832 152421387743 228630187252 536250030408 387028073231 351202476709 
36
516590175784 10275849844 959999201332 644343289099 170881101119 207690267183 282535472941 965995668788 439583684478 88778848441 503976330992 248085979581 647872103843 720645699930 864273782936 508429007350 741706079408 7081320790 809022796969 935985959830 758794807856 902081364664 7014709793 933584114440 493530175650 333358750218 25623273819 713355660365 944790447862 421359113898 791607451816 327172030351 607538509718 29339484639 171640823903 769123917331 
14
886258447382 675305323 89606754683 481586412704 267758245088 964477632902 12110638945 466524830760 854152826472 590618462140 300646231560 795995701292 433978917511 365783244719 
24
405338285127 79935891778 648077051487 130965550734 51013609823 51219328284 853738581396 889305515981 720092835387 487292765915 557179861408 811089461401 7445676339 501194622029 947370361715 786401802601 149975491594 717618756008 667940977498 591767565621 942834681639 43046029949 634182317725 331151633099 
14
292387308042 930493762238 375099351544 921692113418 277703090675 841650553172 840587060999 739272035435 619209638429 650746268653 171295592348 606700508855 356359812646 655315897196 
46
728678956651 288455635105 4654698965 737722625549 140196454992 306650865547 156064834360 193707029678 990833343116 755881212798 461255334190 385199066231 918854736277 774996014315 278512273947 164305779942 135776964940 478506717713 398021442548 985716444319 873610025434 611231800270 261848192349 596230626007 417079023722 358560312045 440110889491 346980844131 758974612338 512913156269 619848113913 928442117511 24995106523 480236063598 177012436168 309035169802 796397222796 893081459202 991215791922 817704109961 138511961744 436119285148 528845888505 323818602672 823981882583 5482114476 
7
453471982032 743071355336 106047445725 332800849447 755251717251 743083377151 7990203200 
43
42460264953 711654215329 477527291842 173475936587 409308751903 693527763597 200222652158 752436930706 824479990549 418985294332 85873636980 594135250225 267919610842 750699529593 615315336075 923734223012 203689077504 139747691390 226214324999 220408183612 720965185460 970168559792 679512025110 390498359858 862225614425 810641434546 231768117242 896974848420 585248025986 42873504303 949484970718 116963201212 456951217958 886493286240 326779562687 485139142701 707995925726 770409120527 473934445490 771914251614 152420147898 733808432721 807197928649 
26
940592529594 415093364012 605691262215 764338884179 233820693818 692031300987 288878890551 905360628175 999056689970 706660322390 336424327059 344703729655 165482907350 8555344076 305931498703 362650373014 522454163659 883391364306 445485073263 985957454345 984096580322 410644978813 194767408808 517344905576 891003511848 367288155896 
23
779222688237 583372075310 218975050405 459774968188 329095989213 644779244210 4263076431 744487565655 186562810020 240581760214 584145976826 852796604450 383773333692 242663116099 784662369492 228622276939 528180933515 395293170686 497770120247 414050753169 256434594981 52648992165 281608941387 
48
842871937884 591621704461 832302269814 761866960556 757719757730 172619305894 538349131215 369248893073 438549072233 147631054980 455869021161 815945656767 32242857280 566087373640 219292275696 75666541239 920484127669 346948756763 506671661393 368233470239 478678768884 995084343417 201346362119 782388260513 754865043078 76756364507 890386780908 607324480559 201920203884 913563309587 705383925369 182653965573 817577039566 976584096938 969551829798 916224446818 521805556284 442326626923 973823780468 720421788588 799187541109 46677628603 530051175889 301228782204 786777991963 253912447174 285440153816 683105814351 
33
850886304187 684607350650 367873588691 796762956394 388561820198 170184409916 213846076199 69836402867 400713296545 733918366512 747815909019 179262323980 730264811946 285139226654 432465851198 590974845838 220493461281 97647437495 421328326166 768937919602 47787261052 669546453966 233092919753 915327523978 234269632834 359584489252 752377025788 853862161577 574011791134 498949747427 759898339226 518826026985 196580010005 
39
713943121864 370887063701 101765810306 416719266310 600096594307 175201550200 526424881902 512177292757 78904564168 652634004905 458936723396 350053898115 502455163570 267797186342 557952043751 781135171787 400368075872 373669733954 785036867446 963583000718 550325472108 332718309920 383748128270 87212468150 32058012794 645907915296 292688791286 605174621753 846480714443 354220461872 49249421799 305672201032 202754966577 441831108129 937645402691 524407925954 811513450763 368842539253 221037671200 
50
259218656154 462767889462 973159584244 992090097972 665592827680 6167705712 984796676641 750831988416 128224712557 323494000081 895900195958 518262336890 739060710144 939483928016 849877322549 731727527456 254316149383 495179494416 181668344511 985027517713 467536843525 101415798208 225950725900 774134338035 514473268868 209939249562 201376631537 45736526332 392870678708 137630445437 143397329832 942935704844 630402703785 903196043448 119343775974 604498055136 305404587938 304804673513 137327461616 161397922512 831483848917 912872602780 303827989411 663481704191 589109978254 558602273438 539478469399 356523466021 596858610258 838072285405 
42
837586484999 418948255701 989763100855 171269583715 214584538246 858217397573 127592906134 578455653382 163133973838 745039146997 826876722633 630546711304 988110574434 703859098641 96923365355 576518129971 906440917813 59380486593 895787156535 491707353731 713174381916 935282636068 421649127386 887980849529 464851416429 450676530955 839368623198 278192522119 591967474000 299247227593 103990909228 560809410608 597275442141 849634417882 182168310437 798356273482 965270776499 692046454954 515876168103 385618016942 123669506186 891294780455 
9
758645047214 219992011815 264815778613 69534970421 395897178276 593466976025 407431362940 932480521058 279620260189 
2
340368526692 843338998115 
12
826561545694 293486889535 894437532795 440083859795 240057864632 837734950947 965184555212 671739431709 683156148684 467265587949 527376357451 842883919801 
43
87572149737 242407529521 599828659856 348491396266 83953030787 633166232381 101730893060 13162385432 53726431623 372535224967 165931548903 996587347987 225809751235 278688112029 571083103214 858314593015 249897236592 728241664741 784243263193 525150274981 965942982908 527963930551 141802594316 821276018333 346362415249 228985178492 253815344061 292180200384 776744049029 823208424921 14662614274 593884746609 625614131937 782924193281 732893514127 417442167694 463275446875 606652458219 803327955243 686706634019 727065707223 30124869584 317735903727 
6
72298811277 363826119426 947965425034 613169230671 776745827611 408588317192 
30
10470946407 548824166897 299668873256 986790246513 674284086032 172185094156 957718969129 955814018495 74179801075 533178459320 672566350179 974658415788 151287532562 974808872998 494673682314 408875527042 58253591939 761369026361 454831163484 887579398125 887390499904 640143961796 860228411004 884546128587 38707272581 706430302804 255163476459 462327754464 68763203567 828077543556 
2
967530995634 131945923054 
10
563948510996 233709637855 532900787469 899835264263 818861173285 215969346206 368835407949 977444758664 805044855537 985604686251 
8
715217854818 837510249080 45446145400 939644569609 264320612675 82649990153 334783872070 722585922516 
49
330537361262 80184919527 308059044605 476710115814 427738506260 580439568651 56858503001 26997323421 146554810163 142376610626 206569916478 850841420934 150015631400 279478828772 986040432093 279689724405 357699598915 651258500945 539123221365 130178595186 45310835169 884527545160 852990392733 738343583611 645512320320 325341907945 586767032996 194164353135 687342151658 914337852106 821895533110 319822291453 528343027880 268669999029 258531686267 33165578204 627462617334 181351099604 918388245972 894461560999 845854961402 789561051842 253361736848 632438791777 272666468221 80680088448 484670827961 908868007996 11128423414 
18
97741757225 660067908508 850988510733 931017985910 26600439039 745646726482 133675675790 810753651705 768783419689 630431755741 993676067259 987813286192 912409582864 942231706331 773871512581 170405076996 743006322649 191982037164 
47
725959549195 707039003966 175285460777 171611062370 617717062547 113197406546 523782981453 137127438123 839151849633 480206717169 529447029072 362271290506 478926878023 942127067166 129605058152 120113344760 540831690156 822575723003 585411139442 492797443810 844013230027 83877651151 856362241504 482781816113 787609002367 966742880105 775104912070 36434723497 722763801131 998154958817 269873042234 640902084996 204323912183 733702970091 977023107896 923005372456 730248901675 175165341626 83684056887 839814148288 15214842633 413976808187 27932127393 838347542334 676560839504 528023224349 478260895902 
43
160417980818 197802896709 968147475943 369538927073 843963929597 369927117596 520888019606 570231679098 258887943920 111668566122 407691963157 624821616092 111018088952 942312656741 970891396494 129809418667 114617640883 6164465193 890998955320 978642989892 424687675831 954669059107 293154127369 856755807931 737053404705 897658588552 594803610620 628644819337 250107146559 43455000437 202161165545 818299519576 37613009333 880181296178 738236833350 501291230287 722530542968 442001341489 670043861507 268909715284 935161744487 164800497908 98164939292 
11
81028939945 977747085787 552895403028 546633527554 597583733505 660863012599 611836965433 283277800528 681055530751 994778549078 485301077300 
30
499447817874 643105219828 858236993493 592559014773 628793619893 885045914035 355470793717 963586982140 178289917591 185145857927 314813824447 160989657352 713082049577 222328368454 281898753851 663094868469 876918559674 818630985728 86431544892 768661455373 114753003495 560302427174 971957492751 385620194007 595387006645 669116706953 785032451560 511511241138 684458372453 472070508687 
16
514956456426 914178489724 413926703027 330549435198 183946661082 290611830237 726395660327 504782962152 540455600444 9586693575 92579717684 995865956532 896375853890 969916845732 943524187022 927920997057 
48
38573865902 71129319917 96173758979 475345540977 59827316956 144540061483 625891906917 927417453203 780178590038 520503199022 881990927633 23471400120 229717295798 519409413285 602833570060 328851563799 225309395630 986144755313 340005537904 701745010726 350878773577 734047341415 259685675467 994794676666 787934379181 504243745359 750308930738 588467401675 387345583385 221474821383 606311368278 457924365586 799352796988 527510123086 731933543457 503200565599 235661753435 114503461926 408783204302 192782142466 456883165478 89168625605 277777880934 817237562614 524228600978 757780924632 87370490883 99504512545 
27
511689506931 759518510338 972754479573 141422398291 504582990657 622364877832 411663324226 636369748932 230549298162 719925443452 751954549161 285140001903 973288439213 890242434603 197820336925 699879549385 261444586271 426478467620 611947645006 754669664496 175239565681 414985860487 998641688451 526243796769 117333608832 415144012154 374340817299 
44
424180608246 790926838309 362152444662 278644750095 453469590251 623896085702 868339232297 239804658993 174352993923 402135570401 210517034941 119878663972 500540378055 468789473117 120001519674 843692832135 795447438859 861788292023 914061278709 258610439656 894807718100 237819198354 111625212506 824651236799 82044039365 893553949041 981243546503 532956761286 883043450391 301381434890 623125846076 758331538502 470391987635 446127091892 492131029703 214213364074 484186584325 97475298765 267809093658 142442107371 611984414610 240270416424 483075019125 26130316996 
14
922505804805 644451247069 973125242251 981829948806 433855984684 625664383695 996802154153 746067111866 740650398091 778550502809 279950719660 712113706568 126287355864 480398629349 
50
684221350767 741126452720 330635905042 843850235362 570106661238 939918762442 265596803222 613784588549 544171106009 654302992371 542731093452 404331680058 680626496170 979563584840 28872320780 990656688280 425187242805 639953703705 793635300158 495854534124 978187241368 700127438882 808043142032 964190183028 403515438480 387194927394 305832988693 839338792962 546926879358 441459700602 12968006953 30352876308 840158473859 397792251191 491549574419 88367797744 581749522329 767938564 737013352654 325685649796 395755576366 85254045681 643537038896 425016000871 118361392532 612671426357 88902014640 488673641780 294133352576 45903114075 
24
648227606229 310450221122 316978053878 231328849000 35704147700 293877375787 233504457103 549153411266 252920992670 390887659997 596069278212 581181421277 427592506036 904970874294 649727135800 787698247099 734004965054 822171008891 91203085157 954367124289 983891916409 473314098953 12641339148 6714467174 
38
797557916248 30376497941 301935418036 219821292600 861232446946 248733895360 669702706592 971274390264 527758085294 902034233568 773418098959 7119213676 892036288138 771393818721 396165573696 330729040187 993264822197 762345496844 240713233943 918203448460 131615084203 272593993465 93526644826 621697517236 171816497424 524270850992 319919349799 382873787534 34724677008 665132141682 894089007283 76779447671 553159129681 968243522188 846307599489 902333682323 304265180293 609969591226 
2
602905974792 82919805750 
11
139832511543 781286072344 823408906462 899551666842 676936363348 389054751702 486886280055 357980847140 88492082085 867186697751 679973544317 
6
715674142458 710049597198 831968283971 843621835096 834315674617 119158657360 
27
702120990443 639875009729 159789109019 76812899989 819063812907 466523164830 14559283643 595554762788 572988126182 783590879911 407993050932 415265584791 809847499235 95784465614 929696978503 975696226881 670065970810 817886110787 987390550923 505423699479 320385432979 315081844456 8090491791 324521508436 644293210078 156122052176 242145488740 
6
339930899300 209901010754 793605626897 652972611586 558935337785 838532468959 
4
842761181902 758751219574 684985427323 270107735228 
6
278442569414 684478765013 773813928993 379072099549 572801926958 876110503142 
3
936778405366 679356630647 914426494969 
10
375314472010 334479877103 204374503616 891907686754 239221401300 601699309099 648895683655 271823312892 143633053497 778630115705 
30
654244990410 795146504782 511721512996 615207068225 968599087621 157261517238 92136428129 562374364010 372142837518 409877671271 182359028179 415025065991 58852655518 442554629748 718350853122 148447220066 172757278976 517603098513 877886775662 148730387487 496668181223 179810556650 137651991371 50187108930 476617271669 281538552486 182420128507 117151349680 194319157081 251138970705 
38
894722195574 930293833519 953332468432 413906885662 873867777609 372547164496 176352850251 39544177155 129522690122 307947843267 549899875239 965157408123 130960567233 538109488858 376750532855 965392558215 99595782462 432375923741 146402633329 469047276564 983968566813 579341235829 912927176877 480446412075 747276211842 231875335665 541926062485 984152855753 890485871280 692955862193 70854016579 976721317460 620976076618 436187808402 382439960816 49867010502 764473526715 800457623034 
12
305988952516 838059518358 463338869760 34418485798 869154933717 5549643266 197699589270 1178655646 817053358025 360684334445 789805496761 925353029974 
45
686394114231 247477354755 692647688258 516274036082 332432121353 547032637112 486841360974 286720528914 5945465818 670794542485 765428820865 737603614002 644072817211 983192890209 692460020108 621243633859 675269606835 705560350073 336150808331 167805338126 742546964087 351469205018 764687922335 101980235630 430445827993 954787416193 961244530561 200750600202 648808515012 472406244283 297598093501 136669167873 52310369919 688915326425 465216401666 14133363790 76254750935 630869709581 474599096338 352053089406 14149024853 305614373596 417161089985 294421893505 353285773760 
8
622864261583 334885941235 426333479221 8155195231 148105649760 582224498100 446161404784 53884241918 
30
914429937531 52725673322 152096396464 517435792532 428953759704 998939804657 475626551969 925838502465 88843467205 247393651176 825448683594 785875163987 865297946923 603276086056 856766889330 755870421040 828316267181 399146937045 437698593782 730985864655 251842863039 811324777393 961252055946 706624353965 357172827556 839309206588 568150076803 559720423906 572116529234 791652456554 
49
648474741394 763835118224 142514393747 295472953208 50715968532 11867113553 390665570182 798352492781 925687034204 140189556377 959722060250 465752247478 700941725442 114873381928 893087443777 283685245415 941347801073 405965828807 551753358232 282647971478 566767381008 208734730159 282886064853 100580288095 117345372141 150605647303 859347668272 688024890800 994296802626 927714957752 573166874790 969506359036 521726447278 305365832191 677350754586 479725268917 371487867579 155932887811 503763416732 745236521640 289484198684 251932246460 516632541475 296115377392 201219734783 319958146161 453928768031 188046710504 510621563322 
2
876844415161 294904493369 
6
752858963965 68261962019 291965396710 295002373128 707628807333 26464078 
3
566547249734 756345020311 176341292975 
19
982153733345 176513949003 509378603709 360030456761 838099155107 758253796994 999191765489 821681365249 763870071204 159718007283 192839580995 355244729145 988469243662 370460058163 521599265390 365792836522 177256763542 417602096149 613896954184 
43
254211713804 751881095497 208151467544 465580678666 355176649556 897688773912 874400509328 284315778631 113042095067 943164706541 232798693173 733979608776 236029477943 569624037706 52087823100 923164328485 891229196497 561050018832 225787293284 949115150565 33622200206 772969768621 793511504563 446260363843 741890525846 167665836471 569982178508 10473508043 211115102741 970009249020 982391547021 133758007559 155428549855 891464744860 870341642364 27754293822 641898469865 528687010769 423272693928 510887588532 262761555457 807308507779 558850912464 
47
971088429153 731198383723 812978021479 901980151887 288810191049 854326595202 374215831803 216157234016 389868650720 413664118994 44312899992 394072668195 305025608846 575052240188 874445162724 87374206651 696966369970 391236842032 790731813408 81205987806 580445293535 872254297392 938603469296 855692996402 869134447132 320218884152 255199169407 130154019072 955939181943 115918827527 392824251050 182485393685 82117279877 613927859592 972959264914 684846716155 791411769235 446334068243 893592447269 177755108876 276211001751 323167491915 894062577592 258459692509 175649536772 990040968427 326839392073 
22
26770144468 195343758432 670435592629 359999352460 839094881986 920940496684 302053846117 537507718814 17661117833 417780691162 703557639493 619829276990 87444373230 919962904612 126299165114 970575054153 857681162251 576652838289 196156559250 711320628572 265810731239 118275643940 
20
638731539455 630810242051 277980667783 402691955563 9198913423 156905300860 634449725248 171622909672 136056232618 600051608352 274686462871 457228702684 868749960905 200870300922 639806161874 133103653102 936205583866 58039065351 104812948268 882895127080 
10
716076024524 105094145968 530252929281 877945218056 924963727077 785989120412 667421154794 106884339978 137994792877 73152990225 
8
969311609514 105525669869 801537401931 38634752530 995112495754 94078950083 810439474523 42035507114 
22
479417578007 102592938447 186819187011 693084800616 794989216560 447371187734 371109964451 790206158315 610132192242 867193036322 859603332602 28652359175 855623123314 125038145772 123973575414 990558026722 312304561185 762378829534 103770160705 381011648045 463012119009 726582253577 
10
879138590698 594816620168 462161127722 957344799152 74061098360 158736419342 961453261509 645454863782 217875633407 845954555088 
3
650587354046 237063715462 34543498675 
27
35162878562 289583667450 263943585085 799472709384 12254566421 68244991916 153672701419 395204646212 74147776545 172030821579 547659270712 753907392283 236143415898 539239041386 83349316892 441633860672 612620640500 595236963546 764867703752 50358609234 386170377580 815983487187 826857986219 632234773944 583385198080 134489002147 364402268520 
49
898524563622 888473562071 620060888253 696388357598 12918935390 694438827064 846103258982 374563531065 554047411577 520454309346 309547969280 886784035009 388753186626 948788829176 576848609070 840867505505 449836245418 884458754855 566598452914 485115872777 371324036630 420450597600 608099701046 437386203798 105855527578 727311466417 198747857772 143710172479 122356248789 404291759503 983471833467 477454571493 417058089705 33042905515 920794240848 809009353437 468515336728 411840417570 644583502354 910542773709 338657603385 153615894416 445868608957 770489004304 947813754876 633892992799 770128926700 428772889473 944916994177 
18
692319011120 736261111266 512640740939 823408312730 244436081784 805795395441 294968697438 772526016028 533755337306 376018656448 956562285476 93213062391 408711609484 930212933491 485535824200 118635089170 463741407574 898576503157 
42
578213862221 36970029151 976944631227 839461562837 394908219334 160515415542 388440903922 219694006829 64108986864 708871659245 832445130710 756704372976 930522597526 854695356088 539594061052 704051103763 392273614165 968413667334 155489599028 540383520107 670985977448 799657689930 620776817666 580584369352 662152916601 704864553799 392782832461 799463766771 386856538974 938592018752 758104000655 371321007237 245568368215 277050220484 29698119252 459223184980 380789037789 461672566581 894190477318 592064831304 617057682619 918495857231 
44
602296931534 333173071796 246666874447 832640859585 107103165359 500180331418 268566292568 668422868566 49528720329 868896116529 216773663276 178439468062 785989350081 330284417764 985694805308 920767005306 867090707576 59160142521 942247273566 560429351912 557753312458 88537547049 134535693892 385372397565 328682799397 577390029949 847312210011 999922311949 902506528133 101665477957 634404284444 146947354945 413783337470 404955809550 621240594993 157933962387 766906910570 297943345604 776954554164 374085995797 425718078941 113381420995 189660618543 781011616185 
21
495637343473 846608474492 601930154258 121549752402 660886516537 234080570567 150948881679 370420437903 558664944000 752749733389 988608205408 317603603700 326406482923 761798103133 81469691871 266777930183 469770202818 543090063188 341682315333 905692992599 49777573899 
50
861390045576 341887334814 499054853785 158479856570 777829741557 109695837543 58138435092 154601163410 409030725328 620835121516 267004105731 955277965692 586597243540 558611099075 230986201739 985031149738 234276548200 627385661589 639035122193 825495713458 526425453798 524898948195 854319185459 522312837393 467297723077 255260400017 539455619385 966090045030 379708370004 793298186615 457205476687 662452758258 593701816448 605402465215 161181293006 475636784555 902829129675 660080118202 447888095102 179572961761 507923452345 952035974752 752044795480 856625420556 97922028519 348354164819 122517278946 369967498991 365021435475 378641791436 
33
409351686396 161329233312 336878332532 633422921921 914959579194 317507970984 689916098450 889066582449 907585194460 888824911614 830093762958 134706263165 954961083096 849714067400 558553905292 879110226249 503266858176 183045928237 692978244150 74208521410 396035962046 451856998852 152564540980 45246009234 429183159490 169823544597 407894150794 133197139638 729439769989 859043961683 847741617633 840744572205 893316265915 
45
107217015663 541203843734 51669418267 399984198854 630118500690 644073552385 215580824792 905217425546 58596554198 893556960252 362425764396 238617598492 320991022497 733154174029 75462588186 415432120041 585503773413 393624911391 628697886063 982134244628 662699511435 88468903601 310240174639 819723091371 495151948216 639284270824 12444929030 504757098055 292849397971 48543958985 1414797137 111807953636 63765336 113980661324 874298118980 323090453884 136113850029 352894266561 746693040764 260630225273 986037341197 673582561108 602930540196 34186278710 344763360675 
4
79035571581 773824433668 498661676640 528090388463 
13
928262734051 817024025963 417372439026 804744495485 773595877442 995491338389 164034086471 588402907651 59054000056 245763989718 55752834933 150733054423 120647958258 
33
499032586902 962781281392 305956337932 490874147441 689216703851 801976803919 438764978717 65080818454 190114199235 320263874586 203772647614 396695911475 545643624804 472961555885 791755057965 103504115278 14637971467 460962700893 444424523886 443329662551 368001626345 722221640788 507894524072 295313239639 747526694288 208316476312 793395826253 315278660683 367660084423 405359208168 324309422262 672726320904 711193705687 
12
835968735538 493716078965 847798811308 679833199589 266329098604 169764115023 381014354732 426406099608 706177932930 180912001354 560900264163 213671059746 
21
923626675588 176278822556 459088728874 427258971585 426481313082 753957447871 417755398964 623134956301 214261510141 477002625202 764655590640 800598736224 141417100728 869478630512 561077769723 149192451582 895034075862 578350269631 816447028583 798542931642 248640880624 
26
972280255303 466452401047 913266919420 529419274298 615083335379 538564645533 822962780247 663804698209 472045983603 434799970951 943662264890 655664955469 519928889593 888158570208 12343085637 7238389031 138900899302 702802549323 488095144990 962280525339 884757499681 565027886991 636927542055 10827205982 991356324819 49120991611 
45
113769326580 116800401958 594094222619 154457054215 784350244996 219951896666 395213526342 948532746532 464879746751 220878331936 197661393363 219690902954 62355983734 25648098632 96430557144 225962484194 748725600495 706826962478 532730577150 806107102040 431893520828 72328197670 337341063720 7932892355 715438713968 775356282704 519246370843 418131160049 173282561131 936089807528 784177510563 605909698995 732690659722 653142037738 489009483493 798658252080 131361485418 577360856927 564308748308 508244372189 167451994653 455868013574 731494747161 16062993526 745301944507 
35
159038062363 181482188576 249513782209 45931602337 338768117778 109566210038 132695749630 173151713445 599148129607 672254340394 937092026287 845298276523 54151909763 966441807206 64403583728 530913176101 636311806235 116376536957 844736496009 739526477389 895166761284 341659419615 449771229077 618331899667 306342775409 596491614391 453080447630 327325012532 606396712135 157725651099 325706512382 205272679047 495155799164 176479662543 112289702966 
14
774140345070 801549484628 365941194161 419421147450 517820076080 286166270163 774763682401 185811376323 30170340997 275483615735 202500937129 266984350539 80083905170 259810765762 

