24
47
662117484187 710033471815 798934529464 638215762916 653209459605 892362612528 334141669083 649667047589 867120690859 845181964368 915610839755 562778497143 731515643199 86495267724 642772917844 310729541120 539689857683 879995232932 962260413876 818448139795 492816071450 304331926585 752187504500 990412901388 574592784277 338607299733 572451037273 702043191440 690259184475 956657663689 720558065064 78802506402 218173857043 925785135303 996494708441 642008546935 34474341864 331892817785 944059404332 366762771377 922343075089 446004134522 337774399347 937684599491 912646093892 351005368557 22243622034 
33
108161545054 55424500675 847806429930 669907232180 871907881877 86450956383 794146823856 884770658103 856221451312 796081495290 123339773621 714310273681 269700318502 27055333688 880659805702 344687494667 640783372138 307551923369 86246007367 746140937109 749905583257 135018956062 502701121439 760714001868 2264223090 237178886790 424415430387 769202361994 825871262363 457192384001 739243517799 704977274456 204289838419 
29
849578581408 515393130360 183363138685 377152785132 804491577444 665579612332 181888826687 153558442692 175321687651 545394658510 117857822958 102240507013 71596557251 711833496140 444050328238 109869389584 630813129075 119924934637 804412981894 829151587005 460828172415 61276400892 883088005553 295152542986 336266556634 929475380944 470350181013 407602956729 824611662222 
22
327110940231 261924855451 279617783517 511635115380 366825280061 391832234541 185493412781 804204841711 131281867167 942422200338 250323035126 384347151681 576290575270 967940737247 639239882670 8188559240 205229118427 417744468353 394989921040 562793787353 713497219888 817762097436 
27
767489080992 333741982418 737711507816 157616155335 871523830271 661046351347 492335140725 810734006712 554644438551 504203522887 663460631152 39796214084 638975369867 785490587825 550263057572 391406202654 291683044342 222398189992 716859091771 884841671946 571702033591 530452484620 580873502710 251829914403 5898501994 931081892830 583080913760 
9
815379781414 47376775524 29008915640 792264090994 408985111798 501780636517 300663499174 184800114473 430285701400 
33
55593958743 535674403622 159912961406 849610521924 255064175241 725983331806 351416194968 861537659893 734244915111 995905201940 111105712589 96879939730 925227500315 657528334332 980445576798 961419407887 772184526078 16508705505 66691501270 236024649581 467833959819 196253960156 221529751378 984703433619 476553889591 798025929710 118256389839 398973041044 111928683633 211488542613 381572882384 577647307999 737296378338 
47
440682760229 396783490783 192158801883 227840218814 204690358629 101126431257 729887073962 89269023898 98407212047 92448288853 309142654695 893453104044 138928503504 281856511500 885082583013 760702802804 769714456106 924420588582 848595428546 749902709747 729826722573 240336745696 632281358960 102198668212 981620583708 664993756751 271677953893 990673254842 194797841042 238139390070 648202689847 962135483916 491829405982 513138439151 165163983024 220264351800 574792665338 876685989688 592508895511 394015343894 53899353392 711322787977 149407125368 852318534923 419516439515 191020724213 923783890760 
34
509972887532 164661160562 635908814200 219971503809 422523933617 875820481799 777389370009 98305567361 494826894822 594310121695 776801131159 119987513351 913022655078 147477443261 766899672380 352880275595 471845148805 415735095122 614128798764 95490603980 377481834722 842476028115 273834402505 811284086721 489006793422 76935774088 545482171026 279322653355 269019431886 321656939945 812370912993 852489755945 710595560342 508263134406 
30
516988467248 535642503077 78419951804 138148817120 413058238230 911844548784 476478611393 998793622110 534859596247 932246943562 781855297823 152933467372 836677115996 799096020124 383535664846 429795194148 520573770725 99061980289 504014080694 710524260216 151910038586 829853798095 662558232045 754919290665 156808214232 628789600107 702914389667 953523553896 13420370762 351376825104 
46
598444783976 152496703320 71280375579 772975023727 168817857206 564545112502 63485192502 162068640089 447621340578 119965027060 478650074522 213697534270 897386327119 191633847118 111900950448 26475170481 152115471276 540541225594 931429376753 69202299994 970390554188 670344042500 361786844727 7505501881 229143467151 230459283780 426873056428 249887485519 970787587007 692472973500 263862644583 107244499744 894672343219 562302852147 102240799720 61628120474 738720781582 72221430912 554847225703 631264778819 863742357801 587363031276 266094953596 1489497764 695340513339 667054239469 
31
279304640634 357214116461 326778956490 716767765520 275745862358 436764224073 303363896941 846279546308 176620647384 196812063196 174176199629 870720129011 649802109544 954254365700 10756418536 968591900571 204838581539 811832246765 164074978672 482889455253 251519021258 537346453439 765170458943 687005995340 650115631368 769095946464 311821010921 452412618535 139309226189 843824804270 576338341377 
44
569648764020 256092539795 928697939248 127589419623 593948538596 124607307593 194406326416 317525308173 435718068935 932241259974 547262380088 249772178239 462999935096 962489817892 981001586769 42829577501 316838946105 108999435703 684375163867 364977704508 79217116947 579718330868 853403011453 261809938195 490184472816 176385923551 379359028141 500667480063 27181611276 25634637723 115820418502 260491125363 717236468907 335575181260 25716185528 793693599127 311446758520 822803025689 715200361207 488805336164 238813702274 978877310448 38060201781 96069302702 
18
373652460942 767497656936 612119930546 886281223663 492384979245 234830625634 97796481703 46445878533 462958279975 406812351230 856244756656 678663279463 8374042847 164345618177 552887543072 29714716164 345586344073 253254897124 
28
103627666889 216977507815 372701556305 304121526333 483869732247 14072679580 80612202527 830915027131 158491557701 905469188510 514159944733 113215727324 677603715451 299145841293 273041398811 389777724850 807544390883 570415977571 935736592088 755734826539 23981117305 511135397606 817393848264 78801241949 220482349273 855780826829 465026330231 547837013710 
40
708463315984 867170568039 740112236040 582521511189 28168206271 677637736687 125285022839 187483535338 343610613143 398902090557 345617377679 51641803054 537550412577 117281655672 717979263393 142201126423 600126629069 311856812814 35899790945 257035731222 843197425546 340850774392 342899604103 507110728852 501233522201 306797495061 553532267301 787091179663 511809229144 661378639437 578590850607 955198929541 284482033491 336079385514 736791349473 760506522025 417235960251 17156302903 850066673692 481681322046 
12
823640992529 711837865582 525821637042 997957750390 290636047494 730441900327 8319895882 3849404318 582900142694 777576488789 981126806158 4223520044 
49
851851409398 386954822394 475411379813 863518202955 741414416993 899832859436 269272209775 963321628464 432548726142 67535233354 186689678412 569712787491 680601134701 549703667864 199676859204 423543310124 367148574845 648169471347 673854111770 584985107078 855757850644 14842791103 840721571595 688107867481 340915324094 123618196604 699628485754 20821391754 264192287963 144255444286 198109721946 535300134459 305072851914 837504069769 639445100394 87186255716 396338600214 571709325649 766746340 21960095960 55875635262 435997495298 157549782460 922638800000 908933035333 207629644453 681301146306 839174973248 163053000618 
7
391564740083 523254481692 741120219399 896984212079 736462840368 155723380004 260175845470 
7
225727066157 356581546644 580383763391 923112046961 441044223701 786927448782 873847518329 
24
378417034220 740236345148 989612410735 55437335751 894471773194 548454559724 391174366546 224618931276 23295087555 367814278949 60246984323 773387940836 753649491519 251451058097 676009613693 395989319757 487670507331 268803881087 328557610898 220912184775 936620397871 610325424560 124646485750 91654634915 
39
657139283863 691478149231 514560283858 428837066016 324152565987 296442159770 13188810423 314286055539 47195433979 487693742235 139868827433 993921427566 68339681804 694995014344 353384924975 195449864238 969675534652 12474270374 359444616746 206427702616 877422022505 245902442998 740575612921 98675906730 368324998957 275910061202 61702431890 905242993748 625546545093 676193458467 923212992015 651994839917 909872686573 943389990611 719572324480 967367887872 408113066687 66733950408 83534163585 
16
981409071941 644686663826 26091804727 375100594437 306632851961 990937306338 869346769883 437301844212 215827558287 1073818215 466935858499 884755724509 855127999014 255169365100 631333007739 579108683735 
49
849732767447 982691261269 876862272976 940330329144 678958368232 478279090639 976543722183 365247119706 585985492396 831122785083 377126266986 913504461121 580439563567 102712075685 443019175124 563497090606 474069571608 940711619583 652955600552 416428308960 489884919432 275237620455 474648702362 889264360975 628190674709 488311268823 934877896634 289095237413 345621082735 681051655050 404699070485 131757603262 443981120395 196994590569 231280746884 725112992989 615396116884 217236539906 808534562918 436882771456 828223841921 730432596324 718363955656 886977589332 86648895621 228929500157 314184303605 621630440586 712907666412 

