44
8
310672132466 915097012898 132047133625 921109203802 223212076877 275088667688 597115326108 252666507786 
48
689796090210 361539760824 500890990427 194251074144 144768134651 949085760442 265805184527 38560128574 834880709690 648225113714 717515212088 35879261615 749247619359 953752795361 158755863848 252825832307 449063943877 617762287256 133838985509 466573281955 427831944148 656773751098 771340212612 543414005174 996898385812 969640440818 455094908286 329100420841 121202026088 228060974596 430507927990 103851132212 879500760506 723234386461 934443091010 439569123064 506583433272 668921237127 804433164072 145895731823 727091041436 479541824513 424530849048 773326113672 356453467151 434245899081 757743431842 614118485947 
30
837709878582 811495207849 547658717538 144479492931 238217933881 48020766837 92380286133 868083755009 636736780251 811035523466 627660104275 126845113606 535646496415 756049385400 328607723511 159224242286 215143261743 970349928762 407185686866 572373915220 493911166539 585942055165 541587974000 345728285867 821901282852 817803996463 777066445186 198310674053 998364125333 440180610732 
25
391097974519 465411934093 162435099232 415780795138 806250616166 198851855102 650804039449 569826422141 425900617263 719621568864 405048312952 749680232240 985395030795 271641192391 602915875151 150997269970 360482768000 198422838207 110877202085 131681482638 365535516680 345336201429 777371151751 227901403129 806931573608 
28
503269412393 736796171606 640906191103 15132160220 250872331389 913093878196 1739076617 839928852680 352168939451 784349491555 48837583001 808315519564 860654281808 904832968062 567915308681 89730406124 266055235877 675197215549 769063477584 726817791119 763834007032 924482017363 160005016049 780700557779 310265527753 476388984739 670093434175 375284749553 
25
676386303166 615008569508 775002296636 498760994933 531038115553 86037892703 159381590981 509652907617 347360674250 488668080616 575052498861 741697503576 886439375519 854023633406 421231661835 250442350515 273841117406 210286215200 310150520704 703360734422 288984080001 536409897023 498502947298 520568116231 652956927890 
26
430646458576 150580006519 622379295084 254961381894 739386749795 842764662648 936509798578 541772532286 795509927946 406761741786 370958763784 79130529306 273497401310 920282202448 655314644375 486415362711 124852327303 156910430656 678586203364 581044196405 430740829049 714518541167 791205339196 743612821723 311420128191 125516496757 
21
717017699175 932554701671 897159039280 614952487808 360119516848 525152290208 78738949502 239347369603 620274403027 950655467127 304428710812 475113729373 554530493884 116553325840 735702436860 105973139793 657970296082 346979573899 838194547544 601799106844 852288346818 
9
759613122845 309418317444 968907145061 976594612188 56669589807 812224252938 3389542293 778457920185 253343576005 
16
764560868870 4756044618 440565626995 951514381601 680226061217 769909445338 108260502159 944721120212 335579586321 852671245463 648203814733 104772161776 97262802373 270687758944 776153140527 36198924474 
40
711495366853 965526278564 729625241948 609322077034 604497043063 562359222996 375215653715 992582150352 560954500986 134280315146 137359334158 161177631573 509122715554 501387262292 732906191565 281580552328 202635738272 570177464002 364305960374 545329493702 344583954405 75106037705 188152193751 55199112730 503261622983 391434148310 727738021566 453570039252 170429928156 229032997031 290881661274 678543899127 948882822017 27422003788 953695295078 552229645954 902630528805 778522672004 970378615757 497825839930 
32
134254041547 740816399987 974349794037 722416636155 357468338692 923809549597 706590977322 460428179820 840278510757 60681945921 77671926801 361220764101 896539862872 857072063079 623132449836 156266229244 26769244632 428549134054 840469666312 294443984317 446486414183 308921290601 357910667732 8405594226 74985018138 477433759603 837012682326 557330097414 158909514273 282052087851 355795538846 192627252540 
47
985277811587 420648759085 399638731704 33060394796 608231176393 842493939223 317432112524 868986690815 688042747445 542604605965 327266597545 70537445428 414296123462 314265674216 450902176554 242648891933 166344986489 787319875948 256136394631 394877448453 889766022347 721122043402 949494921281 122599953044 819356555126 840125439653 390712823148 206643746061 107390688561 795895924530 197324874464 855251636745 507737041499 957408293617 604327738478 79915100962 193523396727 904172937524 842002749761 576144393136 785116562572 100661485206 135541233151 507820870708 520963426981 48203718187 822182110123 
13
221830991973 221444967656 178479447477 404775849691 591526446637 969162700605 432481335456 590072081619 81958020142 776424772208 769114060452 524972054433 793777832395 
14
50316976907 314590296760 460764315009 826632011421 542724924579 403482284960 684537912928 435317517960 823014157286 194894414948 522607464602 997912713348 885064432512 3389791055 
16
956832275285 174084974240 286440020884 947103605124 842454496979 20318725594 280939388856 982302721340 631945736015 129744438121 168424482252 821858721742 179579264834 488666847085 303683078056 92514242387 
19
520409723794 782430781482 446965358914 373867577381 860053702114 590470176014 308461119274 538937012100 482195049942 793912474178 747181983367 783215837706 507502088445 556334566973 176418110627 878939608785 363739888371 929599183877 15406335273 
16
260772370480 755332302893 163564361304 308666784749 7941520626 371781862031 857881112678 755692041681 730092486213 67932385030 609516392993 165894161737 924463030892 507898564582 235408267608 649109023079 
5
323545370802 147403054401 581342575682 453455691687 615078275543 
4
961891755591 481873506102 691908534688 423617963737 
10
741380817240 528879693966 120729299805 936492748317 630014937558 751531110404 527098250194 513189215477 174389414391 800431152778 
46
672133367425 145739461009 36281621352 375797734657 15847113194 434371281555 317853465619 668824077752 16099322474 498329403148 130231858743 833288678094 978844464081 295139304988 648289069262 815067497198 876876239174 999235816780 514779069434 538740799473 996810042100 713046029404 916954699223 680323859265 10086161838 502061299357 824161675113 688596669061 605512469782 87251976064 112784075583 792912959825 311702680697 721952975248 322750973186 914773792059 887291643512 434674352400 94167664220 75411852869 253979830170 993032901962 805977153904 562220507195 127547381842 984324899849 
21
833142902570 725000195248 691321432986 985079503021 683616459803 194779742736 338158036911 633424482600 244720007312 236815155128 790318631348 624481020111 368172578406 268971956432 715525011235 491887763555 129844474804 341564002603 680240994924 275985596757 431972895981 
27
241301497051 111375062206 930164347509 711141458887 929166596019 716440222863 152093442594 551387563955 71392976265 9709833212 255226732138 341774199299 169921742798 519404803859 188497596547 823624980439 778113720256 786877672982 542898326154 447747752890 199851421836 599865251554 598636613939 38975168938 657105925612 490693069025 764395274183 
17
678359617620 298323217399 13612938372 967257224725 116454151330 167860646812 540480369865 774913357405 576282978972 396652576549 657805673352 870788474819 144267400723 996122412759 607612486405 206145983580 966719530014 
18
540716110434 649248943549 637033643702 81911301621 485273186345 834731386626 381509588253 648903574777 825514892076 346902302372 435465386989 481800995175 720550650 771078120715 395633424572 294480621004 720025908715 780149233555 
47
571230585597 962188856074 830609966408 376824396196 390943025996 435369793537 398731850241 494175477274 456368114554 528112207850 820044051134 395607613649 984313816216 192073674086 993574560415 674331398782 279256877720 902611358605 65188107178 285851402572 698037038969 988228871105 806513836337 270268956776 963236304728 438861170713 144249600597 738550296621 530504280345 420106902215 287393088977 378457554448 806606640563 463210671370 128778908494 631250770973 184650328828 722255069048 942453982492 843469698736 876098993068 614087666195 641126089085 634585798381 749783356771 239225409459 88053375452 
28
342486474568 130282647893 399010029975 308157195658 414702632825 486197060821 60486812755 190557616962 901063582807 68611848232 607175848679 213534247556 956034562789 87354369192 917648671561 877963895495 467339250518 808116774289 160428610777 198277469554 956428813260 367636508424 465833626969 519261990025 550810801814 891475617087 674158862472 506417572425 
17
480308512221 200290084706 181771256372 5561654361 480428828912 872419902409 878455888618 429525057890 480930165236 873706353785 167237388882 938435356180 7939002788 372331875404 345849511591 457027686433 192491525756 
3
503514220652 753098600041 162441512646 
24
904530655225 451672355185 548182243515 650222755963 327221355057 539250415012 141317552496 651510592075 50166878442 426220101744 630360791172 951019792768 435432802440 144558186430 856904546018 868096170460 280677291348 710903739352 106904912269 199042574548 106013637552 486487262464 242414848266 838423350103 
6
653602782999 537576780585 416561534718 164354426389 877032719806 745693621345 
23
195309355903 551013189055 990353045683 776055370447 869149506385 837208621562 200692946187 851427027061 769323501723 547828003877 871231191254 606284431892 680163669046 198684845396 981719269310 591175682130 444908824402 670661592831 704401042782 945495962755 401231135537 338096907304 648923406347 
34
790065472645 756087573016 809277993469 426206983381 966960020873 557625394339 844043949108 584618380632 237151394656 178215945333 345229705752 93475994168 222115441801 652538899789 742871566664 108568017147 842746232543 141083838274 568714299523 667001405129 368595081176 932776292686 929408509080 920151668120 867680137005 493912588375 834797756619 726193662495 679572851522 592409063804 133730318291 370357229593 939599883114 403782790973 
12
965314163598 294752987236 621678971331 213093091895 489731500994 400338593078 814154429187 130757391172 29194929116 322450384489 627996717022 349234101815 
30
684725817562 260942962351 884173264558 356444207171 316730013797 776060975299 874304814009 436817492334 665003776244 810955213310 273470665955 60782791680 504300072548 103121119623 603947643576 226962028992 638335479802 973885669282 850328471010 160963715839 944390744487 709014174107 546877776549 269655285811 595532620180 794579288176 33042696867 579327546634 644310377458 534630251316 
26
994167344588 284393490041 278706616776 715979883154 430642884322 210734062560 886383161196 768654561874 380773137734 804660275136 887222829083 347294154916 600682410130 670465241334 55443326938 95486368226 432285189739 979316164926 780881571579 202604129387 780855687292 359416335850 193647771754 663352432660 12395592412 122597011272 
18
652028290205 130043803638 725339969389 143504978024 843999011079 689117490022 807846314123 210096220730 566417970763 861515105961 866740470576 745256212206 911276847890 589400851844 464790542848 149894940342 484427800779 576180273858 
41
860941700987 156269209928 404483963232 990694207828 301667683397 412441357941 739176921154 166510718199 15169854460 774074949903 608608689797 709497848004 610891786086 209440647791 263324277068 524927315200 795128845084 234943617089 380498877932 301180308254 707596173757 85547985018 245260814478 635082345471 173315333134 444632224668 331262099307 3093501631 791266527177 739345372928 502068486876 42632416380 443450224602 392286015214 37797333802 943479248138 260152218284 863410932254 924813703154 826976931438 547260124426 
30
629148601446 324073321596 513591037372 112725050379 319020153577 848574698518 946906756887 912834504287 173070117693 928852432024 822491123525 691766053565 194526031009 819827473597 94778688631 799217182368 658156860235 274584529614 510361962370 673501066741 972229684682 709425595983 438209117073 821405465436 213893182798 118767367460 241098168901 715462432498 311517785456 495168008868 
15
582519588956 230431650209 686222082619 688649952112 78887718005 116939598030 554102615478 67830375468 558689850679 77481806610 644639204346 282697825346 781534539164 420226715833 614792298640 
18
477881058237 166429073547 172164359155 688855028791 339241154546 817925962257 914253521900 360475623748 729939785242 747166884769 51473414332 748736001561 791228705585 587340186311 829496879389 920181997240 24295742371 814758490631 
10
676837527418 498293905791 923429196208 910682452924 482562016529 178952859473 920768082548 892251419174 623241664086 792330849805 
17
377483246608 47372667033 397606948423 588202103746 997255458821 745518800676 732988072684 448001191660 789089405736 460067672369 359201672892 633871695278 71536112411 511866133749 44232612657 159944076368 347249873989 

