17
20
740593653799 851198689433 584452530750 235819355623 754964924602 522954016435 909193084986 985735912537 976773092346 946471549522 544724014396 59179695937 469987358378 140123452152 406469103599 747637984235 201384514070 596613913621 270008987227 673652851490 
46
872079271002 613662015570 659169002812 505619163006 372994114767 272414079700 105136842335 982014705811 444826584752 151678115316 920806877743 432868106189 636316431402 484441190894 894282592043 561761413130 711763138904 196861662574 866410409017 923318846600 223995512452 732371937010 897811098230 277460883413 796480312707 66575123130 343501363174 553870022432 692561161745 14523915846 49886059215 420652961419 906596108115 178556697135 400434758184 850120692179 91855933722 508188785691 623049306230 200260962608 770667110849 346054554213 467021712820 709251605513 247110209824 545929073862 
2
570281876833 676556689450 
3
67612381533 312518695991 761424445948 
28
680103887884 456950511503 671658398076 623503573419 753985951129 988573949357 975487292561 439818192127 812295665711 380966908852 75659675204 928531985367 168961601416 339092260586 28853123230 690690482689 580708818505 272493446972 863333361062 284884422979 110569566563 995391682471 900255340529 768136664272 365582780624 790028317242 580088769108 828049624827 
20
433730556090 250084394032 239080572205 897573853753 577921646143 263419166514 732960710845 261381475431 769798525917 915486888904 968590068111 406876475148 117795516037 70891040345 558883289143 239744324166 121143625850 172345081772 449317180575 47983381091 
34
16281273077 15210478249 258184580576 786977018641 545778023282 321273413350 36020201658 253527496854 539715792999 589250731769 608606504458 395390020686 225454784569 630784272595 447118285025 954516379695 449998954211 542479149822 540199238791 242372214988 691169715866 361076760595 890635285276 451627260929 520251555439 8939669865 451805261882 624035732192 651432842525 453826385785 794701631122 868807929256 848674968870 556145832367 
37
392639278265 898077143662 923850582956 808798838886 4215089425 891741089562 195850063914 830329732525 613824377178 473701908035 336665181429 39276083017 923985157252 804018342107 299218579341 930694772053 988249161584 891123944014 225117198724 980990924340 591807767366 137447115367 591402676659 630767351006 783835965838 763295206525 425587808724 482636702380 778204785381 467489790780 315271722556 763699443203 709287044224 546954975756 184347238518 240378879128 322732091860 
47
694879144422 117679388353 966913544890 713116574850 301379560997 35907510594 504016721527 884896241959 146886277417 62525558420 591316502224 105570204151 828315337329 640853618880 325530855588 631448253897 512151313810 485907455043 467041353491 252167519420 443866300607 982492111610 835181417941 15823970764 671606544692 812755537116 710116390491 750807211059 606846429584 414260818269 562398828749 65011228694 411041035280 658384482970 549816519345 499382523754 13808602002 73537579771 474278378108 746305673422 330684919158 100732920019 393430413091 299050056246 126494225837 720315676300 446190216985 
33
71029620673 490692622740 262983624868 666812228703 541402849246 579311117851 957804031141 289039162520 388853420602 145643289878 818165698563 915881760189 157246516536 266991726501 580973424515 796149552689 935118949735 19719951291 514827845339 98116798220 79462225167 102716641465 740198177732 763348705625 87843724911 759214365769 167024509108 624992782878 41805456994 736313791872 186011347430 979535656462 677539558723 
41
705463892088 497399379700 227360819939 746567671743 898370562795 833973379649 714178723964 235547310939 731584871424 8221188327 541632125942 972298441120 971456300923 692187523976 745127685875 332321287396 131203109687 765703180989 879891741894 740915729093 197787007988 137115016685 581778612007 390091596391 886258062325 660449370420 868619765715 286327472858 530313726417 82216140625 784368034169 565129497756 622960270886 868739536993 781409268536 761597319125 672204886451 582399050076 402660301955 315976335615 268971765350 
8
875287812152 664689496697 947093983876 962332375840 986492024133 766716031498 142765032808 870711842451 
30
180242901704 268280769369 508889704288 530557411670 5550935574 87807224032 184502395868 830502126965 112275337539 322181656705 464748427782 317522662215 772351755456 846886025910 328240368451 277167539486 877477938664 886449529466 200888015582 392376325344 309385449618 842645148996 804278498977 421121026176 244051499636 739714103243 168973239385 414741922297 959723275078 645016169821 
47
179366374574 823842109928 955387317079 130343066589 875717029291 361483616374 882349250847 986607512655 679436508191 109260374745 603397388345 663030697503 792567454367 190211600302 964281840300 263630267618 975030195758 895056528948 302969380317 460972521315 445432714828 415976041387 944582103737 72680947672 913096986461 887278496549 585701533292 110216826192 809911957065 719092309127 100563922786 832200150703 202025179387 672534151792 384819145931 151992937972 289808425648 594995916681 161983538840 510816645437 550474351539 67838237122 940042542408 337030213846 927503656941 929230360397 323971000139 
35
172978476546 530534732327 902731073480 34674688588 505235285795 73199820742 517823381178 96939768580 368928352880 986119376692 229794698828 554401669408 509789489440 362538647713 39261379981 275042198940 725453269204 852369759291 560140088873 562392432764 196096810746 301777135223 320605015316 936156747729 475862387627 525350498992 679118504531 846831517943 550089849742 786272546346 796646076202 938250978641 738760341937 275818979327 227351945426 
28
578298909569 149307692464 793501842920 466485440056 371479724791 846732784920 254764393497 501362587128 778173534596 543374462084 668182337147 509756787464 92365301761 50694087540 787193074438 390137301020 540291138271 812086291250 816441913657 829483056578 844277277685 169846895826 389011796215 315901762416 254510069277 156916713477 761437888480 475311190927 
26
885013273239 787069097556 961042827986 798031988507 635172051966 754183838487 536693317008 19210338112 961296866715 787023397340 680687679150 251034264982 428360152467 414388090096 715871975936 77241240934 770334420631 786003839342 660820639143 111588902511 255381149308 729783965731 195602566531 986096944424 370243173725 404095281242 

