67
48
129020072191 219482050049 385074045618 371982458050 95667747788 13784152500 810797827814 495566406104 537127429264 934551524437 98484661957 491923630350 375275454111 489962568088 308894888273 487394827133 360203976534 589373961744 940632822022 872042200532 355306595438 567357550898 948543742635 276862398120 481563846907 328649830742 195288215117 654323390981 321085659775 19876763013 494220928907 149091481786 129756205215 962451988744 950808599420 395018598203 584553003668 233338420018 422526372714 252622191491 508777247034 270734624668 219525704812 786424688818 188674610669 953341786058 482797359984 260303753455 
38
817451516108 905056593741 935574260107 209209637035 185056695388 685465664456 49921127138 790474591839 900287353898 939746146698 59335776078 625789921446 979219910710 275497633423 173443214600 640832443476 474271582396 928534143996 241286174439 698361692201 72415162356 555984590538 925206158161 998663110929 322820771419 271536027392 416542835195 555126315682 862903958516 858116172104 217341042092 141698680895 903374579532 672751680340 104228165963 992769129572 750144652031 489555375585 
4
712729269101 803585268156 387321172870 324090144370 
38
364612726410 462021803684 47285915159 615350290664 841092398217 557510467716 652985580308 537675858397 207054708706 351410081870 283740647162 126764572244 789423658203 947548361544 312731526326 937592071537 533592426791 435786173371 927309144372 206422927452 20475176988 148820238982 92640966405 587343652846 202220517237 686574402460 26612812680 297637456483 38024751810 663164246585 816683391569 886867648295 139885135799 467972852388 955469712354 966276005752 929416471201 765702263062 
43
129534057535 29168445629 123963506214 52240752383 782929786332 272409734146 306767613160 848680518234 214530757394 616888732635 748333945143 931729753081 923062079764 160906105307 379890326912 356103416137 579433847396 815981323034 391072471299 720983099123 842718672629 319121566424 27904093632 16663852124 530897502220 115236237399 37749417205 350460306499 417818946121 77852395606 442998207158 625541879433 229706488230 244096467358 411460718114 507358258358 976205094181 586399853375 763019659311 48540532090 375527971819 778233194089 137989855481 
50
103947592316 849085688596 980185935656 1010363815 966544029707 500955361555 835804267961 928528540287 585477240363 388909224616 197966977848 864318780729 580978471991 114976776654 372633224389 430580865053 617029571528 581608841745 115458894377 570115194585 560863760813 224246961478 41606517284 177255126956 819417437369 980211564045 725729176509 287031190624 806881485858 682130344710 947387734832 715787879712 914731115394 301396550043 47077148487 724557694741 927175310745 71742378515 691257791644 861102184531 72339830879 92538379329 325835240773 237211859573 368803042862 290493170521 104459243784 981332994516 906893310594 702437301724 
48
183626880734 824659087861 10506238851 664735938593 958716018388 65758049394 595114278499 817730954397 131561123526 201795741691 585623158478 930249664514 30850811641 367692339511 683975145577 231019021057 730934941857 240491782791 140405330274 163580629369 119297412341 454226073803 134082615161 529420954720 616082072741 126764253718 609691455331 257278896058 276810336629 281603185591 991791896993 155430603865 475639865570 353664101572 458691611979 766647882882 905543368558 698350069592 128463216088 353869356453 164208834465 366398361010 681254249098 26859509848 438446442895 883318482724 782285815362 933079298379 
10
356897076197 434550908557 672276677983 348159007838 734325067789 250892209520 768774749153 467710966035 860553273354 737574939046 
32
325470968541 713360874046 556385639840 231825094055 304976132916 134973697504 906359098109 918966441107 352189277751 111494677583 152448320109 153708989021 995568593882 526624760515 851984722181 533084461647 431459627565 271196953013 459056814624 191245206190 701727485546 95796672437 426285797388 797207513723 309976878794 227731356068 896641885109 19314552070 445769791789 298365666824 948857186082 36974146910 
16
24152232567 297696497221 747663348075 207819028506 199809771839 991189047491 101471193136 675121904524 597699071368 770776280289 386301129748 459948997614 513339725243 365933533110 762874523326 888434992818 
18
421159972289 45998251548 379770080178 266927122275 741518139310 374011032960 247872517111 333522690060 671118879040 495752215983 789111442323 640449943831 451189763479 102263842708 671700651690 859987145795 702101781153 215518590515 
8
748952814046 402993113037 370680021179 953602831297 30856472794 105458453936 768114571505 124395988447 
12
840501477432 727449347461 858521392612 766595950009 913470465126 112496589639 618252347375 356730149632 571313221912 45330658876 885755680653 288032115901 
35
394976545217 235842007607 266987912406 410944220791 315461522112 539775884237 408893215823 278909010941 550438827676 883021239471 108444447065 813712308295 194376629111 474688954508 154939275654 204596231823 47986499643 342030661186 132244979400 903859564283 288328992932 198301538168 328080747849 600398209090 223079583973 181691684256 486499968022 842626716876 99325485436 280615666550 495357854574 970818710175 681283317535 581537207253 941495561134 
44
273242875907 46202750514 968456661320 54335227925 288509491753 994838775233 23385037580 407339994016 359730621559 361826734536 522446884742 638421448378 324397185376 421822048718 374759223817 181040382681 122525560052 859266282809 297812352184 183308925470 524474447204 86360202506 612277534906 284907201239 87537981218 940473739824 305288143314 738961212042 555653019558 940303608566 320486209425 587506049937 265635433464 637463246142 712044559522 458851796510 139931347246 842953947848 494098627651 711016752021 27812418694 95305567390 691765758303 582042181484 
35
463984683102 389298610423 628729055521 420418131313 17701256043 773342794015 259913875257 898864045402 503641564818 648548218465 542650961562 652687161809 774058706203 364384885839 709357308486 744733365892 717274662577 453203342122 411468866685 928812595915 242660763715 941319699691 590996645759 720684824058 869471788466 476937301958 281118712183 104900943032 380434549004 99455467769 693602665264 771540727843 23884354496 412127746015 787232305555 
46
683052884309 773050811187 410262998842 647133524515 195990938786 63750446332 643150835648 715662182241 988142252410 817436319994 219799141100 994897854914 731678751909 380031014023 499604238213 97879120051 866299837550 644480406767 880246296557 581579504202 844736684585 785141599841 715846933639 850397258807 27038788819 480852589817 653333628643 74194467162 467438525607 646249087894 995231169701 718452914144 833368565896 873257457453 961726805513 565455566841 631029370325 342178125810 751401090566 196840577375 848560268385 541205631768 334871091430 136955655867 199338851470 176199670928 
24
128364806657 704483930975 195274872246 576451661044 431317085451 600839221657 150792488633 719077009008 363286307968 281189120834 346946563163 330426464630 92796512853 696718835450 193809212861 260004040905 938978343625 369199486166 436863869283 430662404067 944556411411 921463528246 231659034474 253128609407 
27
41612806958 346990595952 903452916606 680628296027 803337479960 487723712296 704305920096 324795197118 283911085946 961906949456 869754116175 813260354997 98512708570 669369611632 176994395616 602988685628 72999052185 590900944980 797729530721 764468361456 174484292905 296110527683 169283053368 509968203581 836236623250 267646081080 722577829428 
38
543017019268 567252371609 176884190731 112551424828 253434425378 756483119697 107640490394 565068253053 161668571252 666073776693 655221761670 544813666959 969480484111 167873915525 39905846178 847195164281 648152137232 241037104769 166036727647 86157665393 665425937927 141837824513 334749351948 739329082263 58407214157 266286693594 259390520530 501464221540 989147459623 714879362457 898432648168 672862176963 429156356887 504894792445 40059422898 1976271949 150957751567 47420035531 
17
274589247051 410116732639 884904043092 461974327593 106674810087 995198031961 90328371322 759332626120 675194180073 464833047843 82592218717 741924501262 171969035397 76733721273 752760525177 958633442492 924544545126 
10
864315426385 335083027078 467612673915 193990040948 493477847273 211937688671 202127582677 229795475958 931966310658 948388723806 
10
904968075891 827211025410 26666543425 467968754425 715014621974 942181946348 752939319599 215594003003 989733671289 165977005437 
34
555116436384 570232069733 439711230195 353557595334 426485339662 523092880922 15859569604 629840609872 474000930233 928558478020 188661268538 793103867752 196019533135 278874661371 932609236126 862109876475 152137268791 174126109863 478818670423 380343817179 883897638276 573538247652 568286793366 120027921346 290779663242 174569967522 938507635064 738340393382 692510467881 532759910501 287457614480 437999853447 219229201597 946007938484 
15
903738628429 326406726423 132043865697 813484365323 326797398859 560020961117 272121255839 910807702641 700375348497 760896272477 582439119259 820739844545 562066347357 166859926295 478339465356 
13
223144220286 133979572344 425699673090 185890820264 789948795870 864031375350 931907164827 197956486598 184611554598 568074931135 156100239786 408449244785 309962365491 
46
770705480601 897283452454 216484210193 159081251709 380502852441 26757096904 897564977123 429369629260 63539154136 4765761249 423140147524 632038313182 965465817583 330447590428 563251389431 48025417478 971517150819 336394321761 166505410497 2862970571 97276701982 86356441125 130943179285 306011124339 350779371924 785942043057 829548492677 559139970178 872041779800 18419411834 979132327363 610262342806 717531038599 445118475692 232209344740 669493991124 489785943844 56589533583 758363668681 598459584923 699963211220 42671901410 294384694966 178892261287 368198344977 163702496388 
3
266008536817 491663919023 335779504764 
40
793846751502 484499791902 177125401066 642132915940 202870435346 388216853269 399028104888 119386742668 375902130411 329519069409 59857545793 740364888337 537055535155 709661969085 29912288988 682925473818 599675342619 756874724079 126124711732 207796236557 703558017473 738666239725 399754967209 139583237314 810143967923 179095946470 827853187831 42253534762 398255082602 80693834355 279933457603 855820128433 306701667512 602378620188 11011264772 408400964982 688761043507 236845543056 133463878848 879424388271 
16
341049410335 215295253794 590970056344 871778674315 952244883684 347868806662 177008827606 991777054545 737240448994 156129228647 130241994542 991208743911 132695957957 735310760480 908516271990 649106745536 
24
113582056479 169034761524 849417640242 176180649767 909328526066 38442584483 495632449326 687139413277 220943438705 795050789747 478586401329 879410615763 263047265192 111624627719 463688934163 244539177354 749370949973 224313213422 909722612735 165223572930 79532170483 524940323394 94531357020 644919151825 
4
614135278110 306932960718 179994206276 462161967067 
36
369045081751 488854637918 565952376204 948617913647 76220467621 594694515390 281053543244 766515783214 903471232815 485015295451 423531677855 554058441522 681493225377 714215249409 613514887081 306753992795 115972118333 467516302721 119333251440 73347519971 912788018227 160331684304 726207679131 211841761920 541789999951 627226292803 168414295764 972739491803 683274651197 841381715974 852132757840 40473131279 192245601767 105647813522 760871616757 809849461588 
29
146664669421 618144224339 231368186779 556783097988 149489717173 386251393754 931984720843 96002882456 192662060763 935414979644 49405007189 756914805013 366714774949 739716750568 302017838418 336470484675 609016186084 753315199289 642889437140 748664757333 233856145875 373699672313 297094208143 44827544275 20613731090 828899246188 203516708928 201409609465 489400611968 
38
636445283234 48722011110 642037460539 429111706021 68321740596 848955438496 430042471599 230361448115 649163561766 93258013375 661030732314 2279124086 95143163199 68938597855 991645805846 64587128181 176932434502 417641213244 318515455218 570141979719 436614836305 317676304383 168186513996 198677025801 175544671896 299497309351 156885506027 439566151404 874331443603 123737663018 273106938586 967823239652 828367290703 30753093895 127193943538 100868848260 445161055102 532001594135 
24
641072930447 570598001009 459788255724 160860243537 538449461527 947213392758 631517327830 743401333349 960443711383 389164009242 619048652694 479671421731 639402108448 91116524565 479166185424 346640717390 217476708627 255426141037 433072547944 888848399805 413008027562 845306984806 235200779350 351162369538 
2
38370308305 810366661622 
28
308108286337 498048094270 883248263125 748182237569 418110679025 125659251513 847505250941 715041299588 35063452370 468970862575 847641274580 227508139128 560874917639 563483692312 387074388949 874671016009 814989182919 46923110969 262766236172 859891211208 2747057290 80013086971 419646951446 823765801164 406661256341 61189144778 250573949604 770113638256 
28
377714946916 165363498951 934452961425 282225532029 208534185570 321495634379 417326610935 13511469785 293165875056 678897167097 44337883435 364491625349 113124836966 652178862597 541543403687 447045036978 378497261376 315345228951 20888824619 844963339155 812298817103 633494032017 146571102994 252690035128 729185282319 578744526512 511779837812 424766654425 
24
205157595081 301782225378 886101731746 526619451164 334970995739 929467768201 386453603071 120089330763 998099082449 304768637069 770397042178 70878447545 947629363685 353810328280 75096704368 331336519968 376626281175 330443565156 969442687288 852659454865 974432688099 634445133086 568462381397 895796135330 
18
75691651176 562597575880 778665154605 219972921385 187598605354 939645186951 809569776418 646196093771 348390664035 128432953547 275520345541 979547089558 797999139915 299818406252 900091580614 57744406808 460943301837 409829001582 
18
450721987377 639453066024 754210605379 192263449605 746501083288 502372994685 299509885750 662898894971 310717042730 620607273838 110452109610 329426512141 457948655120 990825517948 473878974353 301414247275 737128575213 684740315986 
20
156413243791 764146685897 882301285615 200848815530 827200044599 276809408379 693781821394 673610543890 247850284889 560914627711 819451494661 289010090953 479104889909 346800714689 675772705213 65630671516 568884006004 15315333660 684915411330 126643132873 
46
319980238773 151815135117 840800460749 196015831870 713856940368 869755422437 420209210722 329392979323 894130434286 569935219652 269865177533 955648390528 744932625344 93472087074 116912390918 920013733232 587753893172 74355065222 1726394527 913623920816 247135891999 350224985410 113127765349 245459821613 428317639141 410690800099 149274225397 171763154547 965901113029 667199009810 592325088520 424260621819 131383357491 964572210733 476659031229 488375437501 975146263150 74407997221 615923985856 889626995506 495305285268 436351464516 837933022253 134005044016 327009688826 19189908625 
31
979025985601 248090740557 553781790899 801015171903 296615081842 624339054545 298383678282 552630997415 13717811693 133286966617 442665416523 44816056145 878809209746 502097957109 276213162406 238698002937 858413712047 17949403746 919829330918 148758112576 89472102744 780039563062 472262594741 466509825411 740769516345 314055557787 416945668937 329417884328 979509073729 997905758831 476863693140 
19
365116238393 112492304518 476583475135 623887320743 587815060247 155717891304 912842256235 207258301647 638412439666 727195387660 993966079963 886140523048 587867576417 119752328991 254674852514 135710815306 163810941377 585253415970 249091374693 
10
339414076574 106760011525 981927763887 248035194776 259261670013 362692781144 477123364293 381700427355 123521423084 613557437009 
45
174083703390 429241163036 11113436745 792212545021 410074201987 727890364437 595675021531 882064292791 473914167782 6278982366 270596535318 998062046550 486353419902 754251944527 797286809314 721530443275 791442875863 280105857961 454136329636 673557169470 782509168535 639064875242 685960428351 869218597821 765374008220 2620718832 907811520164 189937998834 991470435731 793958689509 857155779426 591872089640 99016566280 912867400967 378747341446 964197792769 988192870360 440760312960 127470530446 614612212630 929853828270 620387505386 353995584842 101130545654 707098832666 
32
961480628280 954316781434 4351584728 91379714912 619685784401 322791637148 692316499332 65085305487 879706781608 255972446867 568963344386 101444782586 306240064219 397950885921 898639904294 631615118419 999950725995 916793484711 752610816811 429273697881 326947097547 145685497059 138821304733 856959311251 921072541571 632655721811 653356111739 462657743077 842361356998 343988359498 865282265339 267679008008 
48
339509369306 164699501792 41460036720 370192269624 858367681597 271761765408 445984228673 688590154055 422388448261 464213419170 852453094066 732559743573 358201638048 661098696926 211708154390 429922762084 320884797252 432607067714 697574217277 935852787491 249497523152 11401364004 396056234 495362102853 827164735097 559471624882 133740758997 451637164154 338186815018 396392519947 130690663820 747066907459 257538388804 701697181980 212455411220 525991897175 926286384199 542736370840 576638833032 95160305613 570731990423 911681846152 212731862516 834338485934 343695700206 352578494213 598860520464 801345030636 
44
697339177424 213842600878 757286942794 525266031723 848980901566 261815650040 819286491684 721354532354 862940736972 208629475074 817129586221 827206673039 518832637466 956037979315 574644242344 412550041091 555726718155 638198055153 903585993964 961657953869 995925029899 3996555496 873399386290 917478545163 481046470659 309351315369 311042869534 687100753433 390693089599 419047798310 482479169425 768258542906 698198970878 1315143457 355913858004 535535850083 213865570507 353613748676 523473601606 988167055135 162948203403 411207630281 979436803644 402450543669 
3
409620663324 447941896076 645113486929 
47
645231331602 635199486320 9492311184 551672513001 972289520107 48676335774 709406892084 358988090116 89278559919 975088958666 117019787714 273202496614 45424210113 685309313694 807678216985 625331115301 727779105845 950895595625 790140151221 640318921129 516459586014 224703432387 370001856057 870149421156 405523065107 241921404341 220229752205 219162994542 191456789084 276317877159 979875031714 662107119957 799323797786 477596054771 202686440070 31378121728 855149508999 224255908373 168081758636 336187775084 202092639047 168949486908 597812311511 628573320863 31666496467 720938182165 350491446514 
8
875158947739 733024160676 120593850612 90090986060 883393211927 145527680549 448529434223 460783066275 
4
35034998017 691669763270 556015321685 517552545548 
33
72679394116 350192521739 244516800909 593699665077 273789934026 932920693524 476048024166 627510120545 136851451198 534557634894 89949581597 828911048960 948574226648 965851813046 654678062775 112972373622 18368383907 76019172358 381030460978 889053364629 343964526816 373788879585 526783622532 935351599877 848262349243 770366291548 382129289803 213352170443 957826960736 497381953441 500276143089 804394300005 42167372180 
5
2862076912 961584312678 793503734843 689296107134 173429199860 
3
259695982445 814660908608 754344514775 
50
174668947000 279935125072 278458718932 942635591607 660934085855 172038644886 114975167360 31088304010 270870844171 808082824556 596220553351 682481305919 347625854082 794648889736 455512159581 54260114184 641243868186 709217030766 86996961300 661037372889 530666891151 23879825363 878356564470 500676020361 721213280476 398344104407 7989949418 130708867608 123214585388 423955632629 427650632593 998051628913 538876408732 785886506858 248815705552 593510620633 343235854396 608360859219 257482757419 287562570181 561992550280 289218886453 562185999160 846310960828 339176250556 835766981035 129754842342 587668982424 232058975865 227595667274 
37
619437161560 539985334207 269629705053 582971369647 496995434790 392936998029 582964837177 208920054407 852213568790 217134519435 962558899539 519982464167 968176816720 539288204424 51304848745 408931505788 323090646837 487905820678 157419250084 273275882066 113911929844 972386295026 992051928570 398713566066 457077344992 222720917129 995945915312 394661575694 517088305975 552060082757 465783340567 648664269200 380730254303 318086511293 860266861563 190190763638 709884172840 
45
396740349607 11866498250 722771243542 580311235873 371268194992 832756954881 147404882009 751147861782 799653088926 116224642668 387989604991 706584901814 639256525966 74574040786 433789681684 993245004383 234194919854 499742546473 26464132370 931024459323 594997755507 508336345447 249173983335 611692543646 56897179583 80828569353 436185189014 182019675126 800422208614 930715063806 254635379873 197153261042 820424777169 249457145177 992461192806 40920358504 643660033153 933750521305 842515464795 119081568827 424744070892 693642767179 632308897934 443634313464 149690769789 
21
397189422026 936571359885 666658363853 133967496687 81989611821 315000320286 677876626124 711646595942 948008091769 772006883927 355560793795 401731949712 127571992052 462505866973 589014798555 191249410297 812621772835 379275908300 266978412397 986642594151 41418996644 
23
222741989241 876352353693 662553497899 526841882530 182654741844 889525650556 779103139033 780415092894 549946007211 527061971574 490765975749 522555342523 193677483200 655320430347 882677922209 458818971688 466948998607 362090995304 237975427254 100499211879 276936930882 800163560988 728199226433 
30
368768431259 480428309640 294105866022 819478465425 805027487210 903070400062 429683229381 868813972144 199044333733 801675307566 883904654156 893079875535 405585315152 973609912193 992215405999 683132078193 501725138006 814582678096 475259706687 476076444642 79311589582 76812592461 483759964308 737325777815 702271758325 322288361067 682363983906 962958325839 679672116690 268763698428 
46
542177259920 825700976142 699217344323 493229804220 324308241849 713621158990 217070208638 141890021080 88239297066 771327891105 953690669581 68175410212 996261000005 29609156674 514153373620 370032879211 104482865042 574714312533 559100533906 854780086872 465449364697 137887860827 299214145191 806440810266 312149446146 44984749947 391321152305 126028704403 528109542921 455274842460 685399560560 63643709480 188709260550 255772690477 204033045859 709166570933 324598880245 460036065070 10915411530 577790003845 795757113289 614186400259 481816667981 509183587844 311185918220 185875596009 
35
873817105464 317779946957 776217728806 94774374077 15656297674 102360779552 269299913978 855558217510 927713552158 352227984015 902749102045 808861479223 619537371998 147221497884 667590319484 512368777559 513182647138 50733526753 620533429028 149760227143 251134364197 878514084999 179519601923 407376913201 737286703895 74886921965 412433040320 173284505794 442428622515 204482781971 746531158669 720385345031 182932626134 330919918819 843823123013 
22
550518683855 73767699933 717785243772 541963673285 730097130845 206462164869 349750700789 950930892412 293076828530 648881444294 740539930255 251594886103 526935157925 443893067447 584736466513 219439194067 591438174215 198396741791 808397670658 300503230123 404004514838 334073080763 

