32
27
906742731443 639398525609 65578327153 332849945525 266190130177 360557808881 117309181856 969232325019 617774054515 78348970623 54444113724 385037632171 453095646110 354393913634 914553598463 15000509815 27078432312 171705275742 992894683357 905158374330 27377519769 901701506180 35833577848 220180833555 33756276162 46537165471 93274375357 
42
675343088716 638917684336 118125845288 805543654319 696141828846 822963323044 913681498237 302066762805 720406072962 390576098417 119189863175 694113563320 136217369582 561295277533 17215611375 89557837622 547407713104 123888303937 284673068399 569385249270 201873846248 513776199025 949139817452 266357139883 543627986617 177531794626 711285935648 478404707486 310258338943 209380279854 752139878803 490775946891 233239098251 684953012176 72828014087 395505070112 120005313940 565616727039 313277954053 137695177870 864767681268 749755430755 
33
749073469166 596573953752 471904363239 313205908458 904599228749 132448180077 385246950010 519659137130 293832794287 485739967614 695625626880 658235165731 411769619731 645172698074 31588569344 322379522157 121006911788 734907505004 221948259929 501776031551 629896812262 905805531983 44120294458 733680728704 449192693162 41898283527 107654605312 358684339870 858453474134 815510158091 19450756387 914768706129 196140414326 
4
522716418284 271450177014 31525654872 18081002616 
14
725364198472 863230575429 399264739738 984544625344 631365232687 732508257800 979005444065 602964713191 283681284640 935146927516 203414574627 441750428914 862923146740 1863949282 
42
730511428115 143124751360 341787762246 420699705836 360339123654 627875454724 386896883935 817456651114 62045166710 147936361482 298477631045 714972031588 596935267645 720207408426 436905651249 939244374135 789706697403 969982092815 755083692817 77862246917 385152524413 421771579287 21424439395 704601926820 199311966057 719331787082 153153091014 488097199402 906940559477 725090049195 272338667937 311034697312 689827650396 668064013801 42172553038 179493400640 110960778415 759746969174 347510345975 600227073993 314772937608 100159414758 
33
399550320285 854143816720 486581655514 537673209831 659234168170 426346388317 842835514712 385702922027 397084559449 877849610820 604884629100 346751907835 63199129543 316362052342 446620783014 79183414772 443358437659 29820193882 957284349956 392680005774 436990017726 132653237487 292261629630 823369185296 709360533114 896504213806 293720791418 365375538878 43345372715 590215772859 608272657902 408654411932 821061171640 
7
954908640417 235131995133 347831091290 941767179639 51813433553 766484628815 395224707760 
46
574341933888 393483083064 206529170764 927953337032 73717771268 925460242227 772554846308 40047134027 485213097153 638517390076 151372843631 919818355276 566342118714 300899392220 13945804014 456165207382 279248940088 712726887265 851649308727 758563343332 168016784405 625501825998 913937339057 873640117236 383381279449 95604727984 687498509822 738834087075 916353161387 316081871056 551685135312 403776626063 178302688156 226961942968 309304187374 285068275417 912953270623 856229710845 951027588195 974539586360 433276070600 829866767659 507236081923 295487305182 750979331617 315048075454 
7
341094503013 72907365795 809530177964 889204059653 188380484253 228763200352 704284950422 
31
202012096042 880575602062 820299739079 228269856583 444865240967 471400006519 164227247639 921790906845 726655752096 266951642000 189997399966 849534712511 595694457160 594172316329 898418829778 174507931906 845894860772 941930181340 509844932371 271870739195 232353480155 154400285358 829156251999 226100637223 838818064182 171603221383 322093649999 481407617993 901256744386 197541586437 995154097712 
32
141900192480 834875346160 194095045250 979989964780 993524538346 632492472877 582303403360 855959580748 55493276592 376113649448 608215932426 962169536004 661672049508 470020557173 58392190402 488368107421 726700731376 952452936270 590494078156 918673791841 619965682816 979358873251 322420277492 312168146105 729848455410 938114616495 134327612356 769150453572 371521685905 35779496068 723476837984 312207894598 
38
206581883867 172223200438 251129306465 969610487198 567028655146 210131461789 856474383918 243885823999 138134197890 652232227912 64620806268 151209318964 644570480324 581936403290 287014439646 511763250896 568209711854 548717828926 115379815003 116456748188 93727560738 882047591822 156601815123 273209863123 705406164016 635835878705 454854351234 551811619418 851582797917 781039509023 710498359577 316488390062 336875706321 833149885767 569947767062 356325114108 193838504807 981570561876 
27
268538033106 996169607354 488039710182 933719271912 825185021037 900833211683 79423932439 596417161009 470220514110 584311340400 981690695585 148312693418 714952031802 594838927930 605280140568 852505386929 212454503263 676411960902 692193029300 3482509065 347071269792 978428705928 805565383427 991445562268 749580495440 26787559151 527670280328 
4
975992651045 167267910099 645304039659 713443459075 
7
753800552544 985019590972 610706899561 528269861493 992563981251 836691860351 521977389454 
30
14765107602 145808587222 998847286889 80613091985 641371948358 971754896342 167925634870 140774155980 140574754973 930830726385 503021586770 964724838856 371996721420 960430598312 561049627575 774591511838 698341510399 854150585149 474122887293 916436738947 134800271774 492491876151 148667092803 255743974768 408961017408 116631620800 464225212705 448804961929 793607663084 601019044834 
26
95170498134 337594287831 713867477501 219866852571 201548896409 847862867783 865926648838 317383942274 700132731548 462246777745 575524277070 395055684703 460226610283 693064638287 724645458290 558268456575 40866539656 448466514684 712941399899 462959440911 249486788028 834907239748 102453290420 66551079059 577390942352 368710998272 
20
122773374807 801708806259 511366433050 235864999191 326054208311 374228514172 516743348455 168072635125 166178999519 536529327098 727109546283 555776836214 503119963023 790525272389 339917648209 34977590255 584815361145 274648539721 682297395333 667206902729 
29
161792960093 424986575666 630278335048 884912778509 773616373371 773180162530 968762187494 891000259498 766297197491 562401689021 250492195629 360761250917 762960074940 492044654335 518407796261 194137112319 868389570500 912972951230 536691991291 132159687410 943356007510 301878680374 195560052490 516908137684 10278514989 814452051906 889066374968 906486605751 72764934862 
21
148068462832 305820309272 344790372989 871456826154 139066619962 456585349225 732205150144 108614405522 11756047685 552846168081 254939349809 302968385128 707566196171 429493597791 897305677721 179615079276 224560417179 25955930374 339196309372 786162140612 847558168594 
5
4859725793 204173726364 635488551881 795304517842 644492256912 
28
939048457671 915017093839 553611073048 308106543534 707713706716 112328330614 820751737744 72817162104 598284927374 652945288313 901497686929 192166665223 607309979457 910600306703 17455985631 276814828196 267558762090 818860530980 415142163217 913952560075 606642931240 492997933725 476428244264 718296847512 201543697646 980234831842 281750001268 978255999093 
8
246406791133 384966006645 416336309537 644651790268 367495073958 111002215198 783103503693 698611619392 
32
979624803870 456154026416 846004335157 549818658732 13123346641 320696172953 879136374041 755833070235 578508530890 788605717195 813726103964 194963746114 228155053193 942380242450 839171362707 369377157624 731799583688 733614794185 736594704152 341609232660 244825852048 761310281048 248008863295 867622300446 143993199012 132402181377 106103403399 832057301925 5378258090 630430680056 817438732431 599338433058 
26
716861217416 531981845959 431936186944 762786195243 694401378184 192632318039 841975968102 307166989143 993719348188 601874881205 508274986634 528673372976 207529618777 384924457916 165591932770 804828220560 459013787771 87279359010 596916093854 797372067067 976113203900 933525119214 878772015624 901833311854 462227605219 181398611816 
37
628192119093 766696576412 170091414611 395671436348 142029989931 911026143072 531325991455 178320506302 889503433284 52965670700 291142884800 937298096035 907776211249 56455810464 534489417180 964343883003 676139907526 843025542455 349796073733 32744954098 988653337391 428370708898 781061661337 918584480617 991429884411 313300803991 147226399211 40185848108 977367490108 598470911463 731328925936 370450520502 781555624097 439154875008 74184281222 666275518407 724605528069 
23
496236876906 206834789047 673964406542 571625505208 517871779043 427939620475 348965042040 614944304098 869263536603 32428677863 172117384065 941270088287 235459054643 968085531586 243879379777 289196914910 509000091002 296917795887 371024953298 941015579844 319155421961 926638371247 89628602642 
50
627887007986 588329191777 430161318585 848420685956 553552569365 833960434867 754211362197 652275065391 321395504208 2760377296 93312377265 39093916692 319750200658 733245360734 192486369383 393235550922 480330366864 998178118271 343209103409 77057712213 41912218099 416626714569 161246858382 808951985076 350442765060 24111322562 746288893781 887418673943 436905843018 378818321547 899844646255 826364191030 333302399891 942094984396 23104540780 69905799294 887694170208 371782778153 461796571180 789168861542 879863239765 747520861368 855142811063 525588251074 538884528425 787749697244 336360465614 834674932029 136870498967 801382093497 
26
498650243467 287623934390 672046507707 660385789521 31529155129 956955654138 397544688228 619467466649 962692098242 249977023618 840467260260 24596056916 227326766238 285229813540 865947864271 219392765590 750090657824 579324307552 889983295891 215535956601 520927946134 247156862340 692765745371 521303577031 883847429903 930921892572 
35
487316007302 171718602995 702140844761 257126854366 39680671881 674719853184 470536549256 288652970159 912414211600 798398097027 567045698416 512382777887 482750625418 316925778497 394501103170 770240560107 545005663712 61693407921 765209139504 329021718082 586990231820 874334329406 563182648030 98902986903 236964587142 727883930595 642833556420 452051220139 910811230733 944505627578 115135347342 941342704290 956442246717 433208110690 977615407354 
16
400047769289 151496183220 371070358498 916154087216 428416870451 69192807938 851182926116 655844621004 889531537113 253154614093 770928216658 541350152 666773967008 642459491898 464333965551 820904870796 

