15
4
292690201352 358091062822 567041647049 146093719186 
46
162177343220 242580850303 306430813538 968602700961 380442670556 803787829920 927825983882 852763901571 499179621350 732349560685 363286672277 161290096275 639931428688 482400446074 175440494662 842636007325 445806526966 252112275477 472570469854 498797884670 311597705910 854085013378 570307197690 371368534584 489544361492 220108933683 713304600154 276579214101 354996231715 476100124645 228075735457 600403537593 958328446575 278278483999 616205848681 595423440121 632662310356 269805237304 86713083002 532923470176 252095652794 35372344635 933811504380 149381651899 97413806836 732275887549 
31
180713784329 138118075039 836850316339 830466364813 501048758289 876720189309 995935164923 772909875276 898427116466 748083165094 495979561729 535994313017 359099147012 207028520478 610252708863 978754501863 221035038471 999207657737 81783769662 955724027812 348714375627 379251515141 836536578016 396459237746 851017353187 252577514038 75338186938 56299295268 723592086611 57795601918 122549767632 
37
364561882172 259220425341 133687305643 333158392730 378994866434 996294737422 847263932130 441888394442 654866788752 676874835798 299378947032 177977116461 348126987858 430909030440 889986659883 462721947846 615013990349 177111397915 826283666884 645828065209 431502828485 802857568819 712802220661 735733057368 464925396284 48022251937 34490148825 484294359999 48827621736 279376647499 116234056154 893299243745 133416773725 582742076338 540087027421 695866525157 222860124635 
24
30504026590 237469353359 259722322461 969134194879 731225216184 318790014759 970032540620 644139382546 401560181680 748434574826 81331286739 171385663071 837459257783 224083897142 573291956037 406530203613 187694042992 373663211937 224189841000 282142988284 695514970422 72881155724 114959505068 302277687374 
42
633608423136 877652239744 850336534258 456055359630 541293759685 910636285236 538799129362 735914616680 53880602957 338896099421 559279584601 75809059170 543203759770 676101920156 704535443187 67349840292 711625070457 772887438163 384294807010 76344567491 758096800853 842306745033 644687621897 39684626776 539588249152 160129980289 158429932055 120840915001 189022995691 947169269975 355294911833 873394435678 683044124873 600486245719 956164142909 953472226718 383643104478 931035763243 60724056245 845250375871 242320613319 986952314869 
12
938684636408 504724409216 957543165099 148602433931 516085656453 399661415463 720921400607 654318668056 20922997372 97125738545 977614025385 993925751674 
16
911960637959 597048271812 912754481852 966851353300 588909888301 436908250089 908413854607 676605452330 481922606940 409168943365 501893717606 798751085786 125831324732 577118827954 615877208199 481512011329 
45
490315590608 260519813938 805926950574 800659693428 728327545616 344043908670 679932145942 450332545924 687935230549 994869589151 748846214609 462390311694 355206275604 397764771520 716021905225 869209872476 644569539445 595564451844 345793089835 654055206976 875989815735 836508301326 589646824734 73519813851 447937698573 148576047288 962693682122 422670562453 65409753858 637692090209 598529643532 925384965089 820850537060 406114066278 598932278487 551349299162 197253518004 823405862903 934277433487 459890204257 413477232797 362248137551 151303058793 903310660295 739658946325 
40
509268719119 481942724347 680168772692 220775271065 200223511175 523884079736 622376977890 688228404712 519120189325 717636173730 906930924717 76884348862 57779585310 251417448694 301627512654 992367996037 505410504350 33017188353 522051164271 761553006852 471727478436 8892753109 324092940218 132030639853 752642044862 459517587618 234992062046 824119865157 652272089941 109296443583 508360419781 909017992354 922187881855 967668867007 151466453407 597300232669 190824146048 45701228739 952934359344 420498599335 
12
990087320942 746827912727 863442600571 446381271385 216852091882 119211206044 616106387695 126976528510 633630405070 266032654062 53332977434 175319302492 
35
633222930846 717017079888 178403958031 89816663926 897464644934 271706012982 666789489530 412849185777 592918279349 121072738082 37750895721 593086660339 821892631170 812948802689 912062678619 606713347356 157821836900 341128383140 28305482689 839773509872 940460960782 855632422447 586279659667 113542429389 356849831265 901181941251 519457672267 543088556567 812179752376 757498326871 702176836914 111017442505 192252848289 85845931694 318388805713 
35
261770490563 581252553223 804413281520 711219695684 999810954997 959409185322 682110618829 960189462228 29351528774 426496243132 224239805084 713865459822 885119520374 122616809465 461651386403 344567423020 696522683133 410567536215 219495132799 572540206413 566681692472 341264854031 715175417033 371484209069 320586335457 86835759689 600221799942 827163132367 89475898974 574343416047 9737209617 99881608744 24345280585 5326296739 862780779688 
8
454354581664 630300017549 759373879193 691052379123 44739835177 160364179251 156648822104 966597093247 
18
197355193022 342400530267 25801671025 443148891796 315459351073 696310836122 605467261495 52381134691 215632243276 602753695161 18154208059 145351534269 948987344996 285458710428 553589641642 464708213062 400836522482 427680357760 

