89
8
137096091631 703787626601 267642174857 214753922819 720340782662 787247175656 794935383694 805953456776 
10
901365517697 11517651226 898236370613 83371333349 819433643872 83116154295 448259048874 531676319720 904850121815 71234295009 
13
271382753184 773603177716 530278526829 78160040025 788245711736 270471928698 903042881489 358703010868 229238896254 281683745326 591042827797 658343856649 355989839504 
4
778622034689 443858215115 299661896160 211876165385 
22
6109822535 223275249655 865675557109 268500722673 783888482321 377027080680 315982241977 856171238178 329823014978 929434890190 34198817532 271340157147 399515540684 216961897514 236804454857 526111810319 705057943948 268699008440 415254235219 104947023788 669652246448 694906719734 
8
708494658188 191352836041 254059416339 996502154755 281018878328 512439889237 326592442423 152842274962 
44
872062398146 546337765338 595419134547 133120632740 819712696957 7288993072 742103125289 335669695958 503995734137 519644227063 738894290691 877405228879 85558430529 515398533215 5056562686 918481386037 293098892502 893230918810 317769795100 36548085216 320010793179 989488686492 351734031090 761907897078 385278178986 410446205460 126410383918 138121586796 630295840184 269400543187 164136666079 458899904807 484986731977 101327626281 644454994774 704898413453 551945286046 351949329591 93870442936 542470178394 867013534182 976220076469 526686605923 698015057156 
15
936774556541 275406979556 614243480199 693440104744 294749814345 240724566422 255368260108 291087305265 374791443063 462184980156 831341026545 486460242426 494190953007 563934232412 710815384769 
38
560954377722 618695980392 105029036522 566661079228 173122769292 879841470290 498567864801 429132702413 789710556705 302852888073 84669111800 364358671956 385072876115 953694493195 832673915372 744896286620 780618651781 87381939474 641438736324 913597507772 115897096678 103778589533 247842040647 652557452262 337486173235 277299927232 289434534028 661030904570 911982602030 985716867829 778486074987 681178127346 116728699176 288576511763 851474371322 295056313685 662695066093 867452856561 
18
731577452570 390509451779 110699291054 483837738718 650840448519 275937836351 346793168151 235019997249 119658134555 863030056829 707107595280 223174071142 683941062163 104447166039 928139035827 293357048264 919726560070 8493224748 
5
620633759167 422717618639 491547852525 462820868969 921352213436 
22
916679486496 662230189473 867988528496 165793172225 14078444535 903201067399 857320125423 715139677889 628156503013 423903615304 103314721469 405985662032 364022645257 587448562287 337791184780 550084033209 836410767944 730461466669 35589874088 598859616943 336548354836 902449382697 
26
696593390571 672176952384 242424849630 227175074776 595819146108 787813679625 587301615644 158268179323 798684375839 746435781830 962383130624 258532546367 714382117759 725687137799 542912751156 419501884631 701154934283 933153532084 419982529349 169290424704 790698711879 390213860962 967496734193 888540707656 695827442265 298368985926 
16
66516369674 547334734926 749881910506 329665457690 907380532872 642232090266 551493190215 925242463233 94457130490 276001366063 91724076867 789460596457 82284957710 46472005097 623107198957 617208424357 
6
533249579652 518873310594 171325393359 977315584850 384738301782 406004667873 
17
483261515632 710710939936 808754769525 722641248812 427768475136 585228092285 581432506033 688922339508 448969556246 463570981950 322217774401 226602282113 504177011351 752027032918 383226761883 857683483139 53707429839 
10
91480733442 469767599102 342585385569 682960076970 34174825220 355533327956 480958010158 965946076616 611299086653 672162849092 
21
621141952252 113185015614 227633338404 35698907437 350838607618 571131639294 122471796547 101514236963 531182211557 673879095279 768603608897 526856262536 62998179798 9342828492 747110528313 535859769310 367248209958 513076458187 74357359705 754390680960 823725186234 
35
680543620369 34490630035 866562947582 274859503047 755876749218 657794885040 363544530410 129881467079 963414351626 812723872258 991118883866 852001510735 221013493338 593792818120 617950677587 473132618931 280719204483 831506627761 596101037620 844540602026 592486652707 857656209191 643393779698 913699660425 465892182220 661417271946 285363754431 922080583573 197799262964 957082821845 648017057239 80937492986 970947366189 344685588270 44036090888 
33
421182428301 314657470171 44793731523 219043711566 724158765004 73405006048 482893503154 515868540653 808063176576 14397115120 968517133802 517523106114 47292194686 267745187620 975755065762 388205945252 780313486934 800718578679 383694202128 683542395142 585890775744 63308545484 938881055145 640742933929 107045036135 895652370067 315214657023 562387985260 667701756167 330603830111 211166496009 666672151783 681801084473 
36
801918889412 582649894565 956315229671 235580682570 803815952041 202372801939 240949643044 434362815282 659097199263 537436663271 597391952196 455333851689 632195559206 110669249339 434278211992 768342069103 155746884250 199985101190 946402014202 533664548501 985246958941 891588043464 899986910850 694458072052 604914539696 597582747461 612860597417 569324365639 793526528193 264983901706 560606685628 728344443239 788681261155 596172895687 697043338993 162735682577 
26
230383966748 936047142869 686063364944 642825851383 336196271052 439775825752 474558464383 125432600690 889408695999 620212074275 371410775433 464523834938 902420480335 646553975256 828007917616 757954365106 590888486781 777537492737 881874601892 170719132506 740999629656 112110464699 67922312757 207436352030 647057505619 734130163139 
43
313726734110 106699709253 169853603196 39997016123 109881522300 342539392615 619971490669 168410018621 781882663561 169006739178 127451306162 422379663341 406326494546 530264711509 62496789363 258376583011 773900298061 601026052971 909695905685 362277053952 36088010784 232661843638 666608886647 845315736828 865070488089 840914657661 602748965495 991772603387 111095137556 784706973251 226023932511 325294316645 583439898624 130505863425 52511942669 933579855644 136387592404 247670805538 294257748406 133913093388 230136434681 254760528986 974911709124 
16
736023959936 128985642511 393603728697 447372541561 423658862558 430617023093 807664936129 768642519908 980062827564 9933740062 343482437697 354198064824 136844259681 875869681531 804235272342 148258946300 
6
444211783799 280228100117 131002388681 447930537421 65506261546 457671842476 
18
985587090459 788254999336 78539357103 522818916454 854470104390 740521227710 573755487154 990186076477 886271456038 800817440003 41100979868 680953339023 640785079838 717049218251 401082122800 737061970202 94377808418 159270302615 
15
310954551524 766101009416 35833793377 478657112500 155661006650 778138143293 781881875955 966512006863 35265343549 411301495808 364655933260 490080346348 50396223214 580161655417 878550459108 
45
54762111202 91746648822 58984073162 305712426366 171645595714 225921755135 742449960191 919737775839 31906031408 65214416 635932018656 778012373728 912433297449 765439922539 954310704254 936836875740 383056041950 916497459334 565866496332 128217945792 79213922842 302639651527 31203853721 659184403847 940705370596 816426128131 925032604716 552006917266 138351817522 20821204455 622977172762 934336443060 15529206216 897605584608 291094661422 107868278313 92782375485 410182700711 658006030302 657933912274 301766760840 946656977678 180344119516 387332463227 843549665685 
28
982218222077 932479761392 428089189286 41288042728 796531760746 787374702087 483125233308 353821299432 617127451020 663874325633 563707332916 922258899111 671307477806 935134298837 437326336348 592856943666 115233873009 825258795712 323395897263 396613060362 698667743948 724712197968 807376283015 950991171780 107105015939 7787012720 16141275255 147356562097 
9
428968328842 205119706623 980423951822 380982842059 974387527723 471467890709 587811261685 418005240106 157272806427 
7
442383837063 752342209988 574263155107 796930754398 877816582697 209893270081 549058921454 
13
448826257784 635258823741 587004845944 993296824949 495069361589 687325152259 821644893394 40189121896 793903268633 719292509370 321091735500 747423086357 229484806469 
50
373760971491 385180368902 982711225166 317193140458 950848509147 50510375527 496123367721 343052808902 658138461413 383170607124 554113440116 936190645747 799441139275 452850483824 149994193688 569723185520 540971943784 351887316545 219852576199 118294913985 677965764316 164871999184 421337154903 565033113544 845243496596 715765673368 666969658842 193825566859 943684110628 76627372911 10196774334 168037318361 202478631390 637367518800 521374165522 586036293141 449463647148 840978359176 368809256521 944196468423 561490358555 188993395890 222476991917 454177093123 967748341229 802598928297 215049114584 410311439043 797474595881 237024824900 
16
191112939919 723565390642 532845383364 631906216180 578923011885 405212484498 361391564963 266684590291 585973703060 978471117476 732728158966 833770425499 499516325972 740351096116 694950091436 246017048437 
18
881025322264 228454816411 430735340507 713126598330 880610768472 768185433118 942617612 327168964220 388198211670 1714220800 856480947527 997756048780 845997544684 1735248170 420709973747 78214965962 989516830135 778557712104 
50
902726686861 650869211966 998883822500 59953585575 166847826597 189546244402 795425725747 491548617253 481584253441 15875198931 9778444205 890715449368 688808243669 140225969469 174181313040 314302857548 975771899353 80009425258 238009687183 896367167149 880553226073 275334079405 726868915937 881893915858 149745540258 922244249637 121629545521 533651432018 691554267262 509221389339 939139795495 702100753449 766575141959 72944991045 458396769272 751203810465 156453567427 459719598773 691979140290 709895195638 999300873237 142724426114 925827765434 386784979521 58337400954 836613293354 703174362882 498036399919 574141086025 859398656775 
35
912546056842 818158843444 769173623492 596827981751 834261900604 760173532685 755398630861 610160381526 114925638696 121077560638 123215131813 992034008381 930280270338 770231815812 294465504217 115893890560 441438378178 959058177047 340010923870 347251432340 524580704261 852727506889 52372221138 889422503347 569823965858 137956958508 757394490342 767630537598 43459433038 772192813726 526898205266 247316129470 644055183868 406344714192 299905524579 
42
611180940662 181404265279 216922609662 488583979485 172937498408 7119920900 277114858312 587083631597 733979992021 446627249817 674347806767 782257014114 447953875023 447780366612 561106293496 694227768925 781849578879 946079522888 714012724529 126021178187 284461495907 748872107128 758466691392 100207629964 340061879329 121503913912 252906858214 847363224242 273498875074 499244976452 265713710831 723560744878 169589693003 635636173320 724227770887 958575429155 917013498483 335218422543 14962493159 101088825228 940788909072 774597337007 
34
656665092210 795626143493 830877272346 900903934317 402778440860 338167645409 494300014614 56521249865 469043283352 991228409306 154405824170 468584375300 408695101028 830555860685 43636863326 457909446265 890356994994 619841452434 951663778590 756204360606 644729400127 60925962513 544961643824 504977290279 16261601257 459926875931 31807632272 828825149179 600552828882 793042503701 838703192658 972095046939 153062778703 280737439432 
43
809579248145 109587264427 444766304349 12437691775 135130450837 427631768924 484231737996 973723514989 493264034854 401376506056 999204589939 470069588028 624219833719 284108759629 465771187942 922263190744 361602691584 144146870719 63283612753 105030531585 531160116711 350114991420 903244674015 705730707751 595836468190 443425076004 476534858635 45499168687 181951555099 680309141645 837684146187 606525421273 666227812045 833990858879 57702043469 961669289397 419409168352 3494186419 754495401750 966040710167 356842401907 233854851094 693567807069 
34
64699270847 686125376689 586623359790 250543586956 199941634956 74219020336 767450308916 29757585508 274299900834 113400047674 159906939968 155108031921 357583531198 778847365294 141173211961 493099874051 312513527374 168194063283 73539202734 917595598470 758653742534 877213749616 488808419650 975800722484 463763967336 189004042874 149296666275 793385266282 486147494711 519131949855 493419316793 85915214554 401055406754 928573116561 
49
92157181967 483203630414 154482727410 52962097525 704129244990 355326326561 794520213184 6078006833 662395902688 728992543852 776274669019 448831768706 658844702819 732205915124 253489644078 819548798955 977387493960 612825958130 309848104087 622378963151 595357248963 480826963288 378091896213 930680914103 20554131703 189532780283 867755252400 797417236718 416725623949 688349174599 451865246686 713135879191 88810931288 811746773815 90296738404 335277447636 274669870858 997476127105 691167611439 11239913691 759864225316 530383991437 38336230764 362828434685 824454086978 112872641937 872406601198 192903848118 627088464538 
47
798262260455 773140000675 405458803064 909948364962 993570191332 167630324913 49567928242 82110749784 453758084446 585274814112 843093184033 34906362064 31819293478 239502357197 150230025622 741029852529 527038143491 673487245228 395063286647 101331309948 44515460064 671403158822 393885615848 585012120112 329723590064 69384884573 113615604177 147193339971 474112620532 295232975471 462888943318 481354261376 301822276825 665946054876 798856321286 460171500713 519809918839 966813202856 223826297333 196653443259 468165789601 409081020782 832522613867 824877321333 971983232703 189768136285 183430551719 
47
440801179777 796790962971 42682235395 81318703490 839828591019 976237120272 577227899719 679109344597 598801904590 754123888106 928365833312 830674710564 543462103407 235493091594 56720902174 761291039866 102197833141 865428868321 637958691862 275094849276 351437391710 297220823006 727910209478 34066802326 91273662472 583994364620 537125939958 412126733218 302854180773 377789453297 694882026754 119176340652 807407535514 279850528601 627649673066 669593299579 766796800186 941356922308 112016412694 3459302576 583601130339 372649955091 813571469059 919517701351 854266154169 790723901922 745362494696 
10
956181782193 54420933892 810833612088 934277220869 559530158109 213625223104 328041059426 50209201448 542189195731 117880953626 
48
649526793152 217791629402 385809906758 299402511063 325889472971 34808347029 810514938397 278163274451 148256696360 831690240335 654009723890 274262599433 852435054310 437523174278 457260119036 777127606847 319893172562 391473993065 207154326201 967061790325 188306857128 685094865154 552738306762 582239055737 450261324205 110197408796 673092150049 617042070923 302486764921 683352894276 578960371701 203258427285 559868458136 966109867894 717059123909 348020123348 245540481128 451287017922 201828112244 307549467523 625367302680 548992031257 498802315704 539262823524 290093961279 373795788379 820817902230 347318288740 
34
2023551989 924104653746 391321178919 330708360902 529750867225 173869475808 743256833054 666761151390 731976205807 245896993145 803469795689 745765725945 841797434469 43803870617 243372768798 159109901470 272878521828 819075235847 712019828941 80800079223 398315098522 828730423967 701537353038 931142491752 521961344617 777094346089 873308016849 224505900533 733725091827 854096325030 568123441697 780270942093 770823356084 201407294176 
27
902852457258 901991029908 720406336336 775724176165 115006333939 466421336009 34659982140 566320584294 320134007096 816721133324 36036484929 619749781392 677659738442 989435671160 757146375456 586919550280 143188062320 425207864311 959782110855 923843597230 671380011716 533289892578 59971828790 10874599231 413656029013 703448955396 476771946883 
11
437167009019 5647722069 228000787073 389907810491 596533622644 528994591358 335813699019 419276633552 112845703277 172378644605 8224897534 
29
891825839700 729695855987 495433911329 531494157878 943265308257 179847636630 899205679597 697959881976 566019859986 622184416523 260501366567 271873554914 936764290932 991468617097 366309399891 518074136764 240836128641 284397816230 686609896383 327512330577 11300076539 643572054151 599643169066 973679815235 861433071052 564142067367 581123712582 16608373547 912482549703 
27
860509679240 446422993657 637159659639 162010103232 331308435155 418828545241 238558582345 30249939501 228899322949 154981046786 593938936656 145830751227 480711423620 910047359604 172912331899 36367410876 525597317195 14168989616 974823674531 832440431622 478013794166 938901280972 789233151075 409446539565 260017136285 998897536508 833061139389 
15
522928747627 803955722661 880093222184 92665296179 766024044194 795067816219 521148740409 913554273703 470039883778 156531262936 416546887952 930634282722 755250001272 814095370043 442705861116 
30
859334633326 78332248718 640512628146 817256017308 847623775469 38522256354 321645113378 858339858566 641670486643 542844642456 484203949172 784808639764 783675438606 793681069142 405878341037 67548534642 301355297313 64577176983 96861618848 407455674244 576663183230 424000464288 729035717878 418569991585 247455403730 882133087262 237021585058 537410760720 522827303177 979499123904 
18
330984116146 150453498150 229352090239 635287689578 173724089888 122641977728 406790916740 304286548342 456330910544 955374805331 451803965224 83214029890 93807856261 129598380383 719560237405 626042457440 984517153633 963183449640 
39
691549764369 685030243993 252489653278 622672908522 220354272472 512911190698 391335344351 725275727273 509768175146 41933519872 102598131824 912395199405 446044235403 63935962460 608915205100 780243579069 739379036425 718283278939 415260892151 453357021958 903351303618 555548399934 48426050362 932264337553 281677433754 237440972309 543155103447 956246789623 123105090852 385340268546 552234962718 786871050030 807717575215 414773585712 416000806876 889151257972 651975657202 815984820586 698390829024 
42
13568512759 142352456111 402869874344 911058042748 92158332906 547949728285 790258405970 423360814725 882508585770 232161383253 625736985572 622487614798 777138214618 259549328929 988482437104 491966343212 680083689480 727997812217 938693703690 199980840499 703184828935 715726361892 997139646069 315885358724 685384293911 251924861831 568408210432 650582106234 464479257659 636061083096 663736289290 268021308951 521508219817 831932286699 569169853091 843407669260 517674028718 483479877589 756498334169 574790954304 936110270538 661197882922 
15
958705972834 934413242058 182408306041 815945496514 494126061336 893408191020 470728949019 167716375588 365556801914 794658696857 754726261661 297588929683 975091825819 681897833780 171736881368 
45
337195736264 673003818004 913834420149 778196488480 653239129329 944010373352 411325750819 235960932373 875276417566 525351608248 949925311598 226368119280 661820263169 550944426342 778104217114 714891880121 825151946532 889278536453 56436865719 316325200916 359109625142 120065435344 251794382674 340981519275 576793827431 280791249225 463549464603 122585988205 636855619859 417040441381 445679296540 743928561350 57799437638 939407893592 932094119700 307141967722 853486115330 338031900265 642671044189 52967635389 3760022993 193422195252 819099024715 850580176255 714836607898 
42
37791980741 331889933154 290194660061 462198307504 719118509676 706030789675 714390986720 242584426211 661235582053 625237457653 860555139532 146872197829 989568359888 920615163620 272415818701 773544581356 638334576591 276638449641 33732392323 216364728081 700942577302 510533021283 329762209063 624247067912 553753751129 358088293668 667655624437 180841211968 158883436080 728826930231 573859160684 169748617839 608639156048 927672212340 755996932826 213065526395 900370312505 387718121495 835380431167 61701106546 323671593050 61737017040 
26
228805206524 192756987102 443422418479 625792365239 398129701750 151977722852 998502957395 317301894287 575174901003 206671297422 346419236496 153599260430 52522457562 550298652414 762939788731 468546388477 68159495176 392531122605 686832004850 134840752054 705590419060 125722184292 676664112535 312520197490 987585646163 834916300810 
22
123720103206 720692636658 8867327486 480288809860 328455398014 867398125712 571763811027 307356750038 61491323812 651615519403 727929529788 60690636584 398741686857 66918765944 410515264531 336910649714 406180317014 661003262703 438458231801 482979690655 350164139069 349547490794 
11
186582765185 392141369818 257727227174 866126381698 404715750745 550223975000 590220895141 555325241354 357216689144 269701724248 676453441299 
43
98733480413 899242276807 139985999863 935826616402 103285680793 26237326975 887796961989 108082273678 194070660455 946219292010 117409679380 761935277719 49533743700 366310932890 752083948515 706998889233 290779633655 105028698422 336473504747 399670823606 903533885297 200362222295 345559905767 345362858619 719678132637 401149135533 487800468618 667539271176 90905105445 869602455856 343805754776 432461149119 106259587710 131668706086 897284492307 218722823330 897776521849 633627809294 633068556727 770053886507 80978519355 177763915380 380770100247 
9
224236876857 627988433150 241559192097 745889341992 548999155381 486753837930 900409983410 994216058486 900976180748 
30
421543953129 609537588392 584749780503 484205180471 895914208295 842757953933 310488240911 293478416448 190647570195 612319232932 604465494307 532312240199 928056229084 322878397964 836502420950 807995257030 562649730485 780751848136 453333733841 403975168668 39647645564 528585799626 761644035625 523188029792 504529775327 17441042127 411640237946 388454289618 896420910373 908632189731 
22
335561270454 204457526236 423645774054 387788136422 610571021328 488850776039 610046479248 842021096440 846285610156 306963658796 283059733498 385521325778 330323129696 403233696593 190354568089 457010897991 435969952973 37604239962 918240472728 746803712343 348518461756 317908406524 
21
995063188672 401406039876 338236590172 550274865240 439309556219 728455708569 914806589129 208930275757 691734300226 137074636857 761063005368 478960717063 619796449738 824067128848 263818386105 630831070702 583117497170 154236690237 967546029052 474773636766 592713397807 
43
298384211238 465322205701 12045005704 297945500822 54098164997 585461650667 893222508850 901317601597 701289858507 742894212563 843013085880 615727606409 243856228124 196068778868 533456059749 308103840623 33880206687 337257847544 462584739049 822684266115 866977288426 332460108695 290262036182 843208808426 786198876165 746067703083 339258154300 762742189293 949251496807 634785404550 816615688642 102899330260 866648698088 395040151429 664503569852 941694517870 31218674229 173768392777 890691687660 685966143397 961189200923 600980939768 704495260054 
49
18793322003 540563156881 124589721754 759612731248 550257402694 998989928982 684948479461 362513723727 101976032490 294636640268 158755858697 482404476050 26943481642 955196069978 85724495178 21136281238 337848423217 519976120067 222609765559 28483046655 807564595363 238962733931 503839863201 352983761872 859823897616 224917451415 715512778730 502514439856 275126856120 896533304004 91029944612 176031211517 754114785829 91245809475 243879982520 259183966975 870191820213 22300944304 168635953583 976191549916 738227512559 569780352111 481279881049 460389728786 727240117610 14673480645 669460650557 462291478872 970387005245 
29
377091614544 263660082558 765526867351 728460441353 980723008701 159691461907 625020769399 475647420436 208055737865 135760164618 440103291044 755610874905 740865677483 386832982434 265836815405 889736387173 216852014718 652438479328 300553037833 567695426928 408034663976 548737175604 460139772666 261988199797 585257266790 549934406529 914420279266 803213090905 582595692514 
24
136864642102 410038488101 497152121582 558866268474 271457210375 26807981243 655644359114 714008794383 753241825474 133862236545 872720401317 250947394305 897882019021 664062594837 77493762666 112499232225 612132915737 81675062203 537091325718 815259707581 116604196475 233932707367 606048792349 992782264616 
20
198901877429 949007228117 440723428680 90695728549 827010867038 691810222209 58442657250 134350897817 257084657836 857502038881 199530657531 328525754718 514296761525 610221724117 786124170338 529466084890 980995078079 613386807708 365226901496 851678084287 
39
608236972414 397332646589 831071808858 58132409002 554826915234 988149150482 462699570776 830820372510 245566937121 864034947697 596175841597 596934453260 919028069931 57959200795 448358710295 740178936910 252805966444 581450316435 155187791488 220648323544 991549468262 478537164025 286274246422 778379437695 255058095584 690944647133 587968804107 421762796840 799848819762 220850392161 511752750036 161303461432 246696918065 409275489724 518764913210 385423500724 433548073220 641582367362 228165716822 
8
878161536405 580464791846 503454458386 28277140421 409248129912 549224613041 423787098429 538230679681 
26
398735147562 196711099048 2749583693 158209358846 103990429718 58968378571 927894221316 784418474027 925480767918 819990193598 555619114258 997508391069 525153594728 201460723983 859022266687 658901096472 701825302098 933694332363 571012864156 933722104704 858730381560 258121944484 604776329336 237573608483 554732784160 133713602667 
7
588190160488 545103391035 630411367348 424329648037 775088450980 896412279374 440605119636 
40
947778987813 370212826883 284662391680 69734668149 62718587894 753215239909 232170376311 699776197133 363976372957 198619214148 327458320669 257677454626 638972572706 363263421125 389927985371 12575031639 896242610260 449183740433 733481421226 983986682444 685846126694 83197766528 91927226554 740186272526 153215009586 454498709241 854746181699 980437107001 597957511743 382204864514 480284386368 863379625003 960515101126 58437385727 698964203163 430551883070 179203624325 367637747739 435172718467 484391479302 
28
837166308588 28086214742 704796146797 383993443188 446194297539 721606629860 238897885927 818661054341 728911102463 420810542545 255545642273 384352428185 755219898211 217633591549 909096018922 952503701489 528876033504 761446393025 339095403584 113226612411 595791826072 215867502978 802213678900 906228859908 260706512937 638366574004 355534590314 57624839967 
7
378625370772 57901061310 945655405427 930245195197 82958627839 304754113854 174900386410 
46
760447351676 611347398590 685209747790 414417388906 243799763655 104644750017 99929759762 79693902418 685785684215 439980856030 37757033645 487089080376 246756366148 509806551604 214208730496 396245111761 458448593584 719238420788 251594889822 190952811380 440283092651 135758082235 198550351446 271349982701 455538793953 925963823077 60961938859 840541463400 908111033695 234996256406 832295142449 229942751514 852789985332 470575515218 91054587357 529169481483 658411111160 417752387761 167142449144 14278955505 798949940644 780569343083 175101355316 444111667009 393897026447 686279495443 
10
598829682456 951735716283 400632673467 280023100983 207180776604 87068572562 495069009698 217765029437 29741683585 571787414347 
21
907556944047 426353815093 770075331720 346455385295 405112477193 510759423279 915928402632 326794633836 162774889546 860052283511 923071648597 382515653381 796809933799 389511408857 56551168177 854005802116 463976927168 612998165756 750537100994 42262119824 333766163143 
49
254890475164 279340332617 57473541050 957106222810 857947895144 55191948755 195751372506 765805024466 399619137590 798344965064 443427579858 21246041584 933211276761 864304142694 718493432596 342505694918 670191526373 763072739293 542472044733 734026707630 166550239854 426108599085 977104651348 964803694025 287255892950 226469787468 742584270755 649566801139 109401597750 572191782662 727228004406 8264329093 955151200785 157098935150 922507165367 902935690464 942059020861 379971032865 959324211177 450544750877 645396780977 788413554618 603605430370 97323379600 152650533997 33122624816 552060224965 176376456905 732649592856 
14
453601547052 914569362364 314964796477 675868251602 268987001334 510644829019 743961103437 280171258017 896981704302 59709515962 616650438026 320429848507 686966235575 715558117837 
23
973179254538 804360841280 571158459725 694269714930 10637814504 300441751102 554124252299 929923527244 523974593883 696359755604 761141604999 99916415499 368366101041 218362723747 44196835819 656552680553 890259855756 342869622643 297974655951 922995634157 274476536954 209308736207 93292810696 
27
345431245403 30413725777 854198159667 795906934292 860033705034 189430459692 334762957943 268959216687 195543204869 589124241638 207111776472 313798026916 71728093439 523132553479 584942036641 258094659316 798931345545 105218913246 611922826424 366578646244 785847509606 273120104790 408990485126 545821340350 809037767280 969044967957 952006733105 
4
142961433028 224526737186 444128533120 161984403973 
18
233302933845 675525661232 150779991711 25724329498 157241521782 119632260584 73141515620 830123709765 731431754498 511411753514 477620237282 493846235998 93468544794 361848363228 678842657764 33156978705 35697699380 350266160450 
41
944517188489 890853964323 908576170039 896037356648 432444950456 150733572062 727577652656 390817583580 488265048674 782246391116 559554465293 150943492616 402579826152 636486737459 459646449925 110277493736 85902558469 582069483773 278443105563 926899311995 381974076120 373617464773 620155477131 731039459506 970055299777 54272300120 349812044107 900898282415 939381940793 586962694875 215245147290 164576398342 475693730471 595921805515 782761712268 42449494616 240832299344 67221625940 390902701343 277747013894 742520725829 

