29
49
280264793664 26682382771 205785926907 636967547153 246259713089 644437278925 114605892068 515411747859 146609062155 940943283658 409408144182 53012434973 912878127059 230751406072 683083419407 263910678628 996848869231 588882046293 166855898868 313432184770 849208478715 487357385090 999500664837 504271208936 194207677643 225257533451 164227722953 569913443366 746102955396 830960172422 984338404416 861793368518 753015515898 796564254263 343369421607 270091267416 119775899740 466664447029 135701957830 730397005231 109350868812 942944399565 702307528866 788907927824 697750992666 197116334011 140590823056 61738616640 254859507592 
5
672382475582 34250541995 269606330032 433748419468 690328075420 
32
652849497143 216846790370 162602516974 668981686068 317448798839 225867260814 793399208931 747705918798 631134516638 490429366029 40238047578 252980768479 175119374742 794786060438 9500368966 19060940374 295404794436 190195769599 333843557337 962144108269 642576441340 318529976601 978495502922 731077121375 335552671632 215967822680 938416985798 810564618892 787181111058 653020954098 635903549562 633510013458 
48
205115411551 914859305741 792167421179 95909748181 920051756034 495525919357 410865913189 938818013908 623732975743 288231024476 137298353883 973736362461 489448053982 93952628167 137613299653 955597497979 897505069040 878218497320 92473341852 312599525890 153768079598 42678476252 333234796684 514560755969 133576462651 256387140179 850453608012 944354957407 721525668150 59773810848 724322977276 404053357895 5445882121 959500079513 451736679155 784484519173 219490213443 772024469671 534268175815 370858213551 961125306567 319539480648 903198931693 636181463364 53544314048 331791007848 475847316043 705126097501 
31
38555364557 683483731800 624677271851 706228637505 465590948154 256329717966 925723862920 630894040633 400987974935 271600929599 423155261519 310946128431 782156410287 942558693012 890615798549 842064912438 64575497589 148145527196 542494246127 490691350606 489837695532 683275217716 343828441017 596315137104 700706162154 313068248201 147902839258 23497768090 700462364510 360321601560 603700777055 
44
360163409171 674881791932 565868127040 757384804291 849643942637 450992710456 428413286060 928586271849 791781461509 552762988828 861912237626 158883499228 643888341067 591471636969 498675079362 468839526373 533263869854 676669320451 768260212589 579655207724 398312341957 368156955002 638700761556 476092789946 362052276649 140957204344 958003487194 926705280466 680505106430 417946389550 69981890296 525983911004 180637631790 879799752945 146882232890 271991477757 218034234727 127974874619 851913304389 603175721182 164118924182 544911736829 675229546758 576896500952 
28
186455372959 187724486603 347306439274 686694574382 229843394927 488972059349 458168846184 453435158667 801555623979 905827128095 574988761639 789501496092 644639867911 977468471021 416565163960 205772820354 886517977288 935521549284 622256417799 950755064045 393732781029 906543257761 521420146016 529048125984 583045479389 74105860124 893421784046 895967621861 
45
645778791582 979674556343 983240702185 556725960393 694224378462 204711558101 626659104469 163487964167 389857596717 322820856085 988482890762 254789505922 741522970018 914044719082 645767492068 21810251576 125472401616 476713730903 450731219162 532108650546 801933724714 816847048404 921690948573 944296750373 277210960163 740531935063 731373503451 194445771765 721261645836 57067047291 73813665619 467414099824 830848183812 543200132556 34938066123 183701121407 947867660112 296289896479 638671816940 408749165104 472558553434 832731490631 860868917153 57856064061 443744577821 
42
279860684258 147554986470 788168439717 45923737718 205086950558 857421090065 119582537333 442001163042 49601302918 932558267111 354728083381 152676791832 787613289471 137978599837 744041180348 130055285921 656402426975 95776798394 513262823161 426683392834 496581907379 287171325293 710083198667 110062311106 652813863676 657982021815 496969118294 545639938902 107375558188 545773534393 618197747307 621046486386 536630068187 472190104883 924080756023 236010279713 659553375467 315375735707 502736124119 771767793252 351582919993 860340804885 
43
806339083952 117990659942 968501885625 223685315480 553181167856 986858822529 70990014097 56919237151 215225442175 7574277254 928263857666 435490854927 197377042758 805305602670 29579196175 290701170762 142176252259 289830001700 629794346895 655007063310 323426425329 409289234458 694056285394 665628269782 324077672549 727218853813 330723552276 460578722456 350423769642 977300373907 150664749404 654906831621 535251153598 281506459313 547116725508 82503292283 914022699701 956007489849 364276900727 966521606542 829298215921 551062291519 836563007286 
21
576850880951 854333094322 512325166308 868925115511 717710297480 444747707300 715737655183 120062911093 451364260606 797082794929 676890249985 138493543254 356853272354 426167623100 125875999400 24158329428 563731742203 892638918311 728029746686 610012200657 46626351889 
5
404351595173 726540255169 654499934620 376105834205 391005057017 
18
536505723735 586640286200 651754919041 214778608386 759280318448 149695566157 956553988189 278870162409 429936202674 872400548297 875285662677 399850573599 687663210869 619695854513 393260876030 622491647096 933107145144 605806227086 
25
860587084645 624639001205 482317887213 706143524959 395430856305 647251710027 413986337091 266271298661 22869079482 562107730852 792862224274 527701577113 812994356795 430627192052 315302323077 351108718779 497968745741 42315127981 91941019346 669716234107 848755552231 750155404433 737190915874 415393277059 31307325446 
6
641492160023 633465977451 535938408606 20406491727 217079256517 397988886709 
12
182928078267 566795905603 706130034082 387459575298 496560129753 301327602882 980496754073 584201659646 983297084736 108877885300 442129338805 678991272189 
39
678640618821 62957264067 661674538590 769483648841 508594345347 926618152253 211155400542 869053006632 366092651981 212037453486 938626107631 81628026601 197475946355 546492690574 685017060417 468024893491 838203171081 546563580389 759076512277 178434748659 796237098915 439431292010 77575067771 54319327643 613886055789 993615975309 434403110031 397718497584 886825770062 359935713570 44192277358 657025028006 187721724979 548051109407 383176640393 786026341210 155890542553 369539589535 951350872792 
43
357358468111 175031815523 35204595462 575626914170 226266534583 435968735597 163643399274 382910785297 374001201300 869935038525 448579728476 403560175857 63856667071 249526601387 104111263125 845251477886 128613357073 413904209615 463920266133 572311706072 554963713519 384592296073 998651721414 967868532954 922376272501 800323170396 393197716662 402405849872 86521836506 275573312241 286198981786 227213529220 635523618893 673571308847 192166732559 232209470754 387861518789 23661403828 371766413529 867948529658 237429772090 97802180924 518048124962 
8
279439440704 497836816637 909427332510 3698010988 801850004090 782719011089 680830654685 954737957049 
50
462326217057 607476372264 862354719488 107535099991 971585799364 978276357036 152832844929 563352888754 300078231591 461847329910 37254028716 659435051298 930037095900 343285829124 432423322 735065583355 631288599830 900667860550 122305831195 414888770299 495448433942 553622880243 729436264735 866536057921 187997397348 735725429429 896256028747 953462035406 390140854755 673385768756 887138200 777737350734 908249730197 131673892167 982745933924 366471197010 918586314679 710561274864 344893981359 483859102440 286736274680 203552946331 269894721188 583549789564 724747253298 749803518632 714866721147 406615626901 275455330058 397924635038 
35
110540991449 544879391310 415231428274 763543951396 30371322165 78611681605 121354224998 706402887016 327592039472 101298634945 772667064371 315065562710 113118170314 7930236085 831085488481 650875119908 390453800328 413712578722 2949995993 299435197380 545159724550 720038099843 252723969212 555233036019 406006718979 516730351872 122232064592 986538126684 290749176140 593800916173 948629084208 630897241271 620493595338 182398562521 216464335622 
8
956908387153 625273038155 804836429031 743844740263 261321573420 845735516655 349793469950 379483541831 
31
247080568235 565335915394 954333172401 291938776202 362039266258 93462542638 880931746314 199789687636 997392719957 942364775753 113660990696 737465381612 637166738968 384329840121 218483237611 131586759894 354679627729 163673060056 132478862627 364213272579 316983786395 400398127923 493523388110 821765925602 908979263736 983102534592 430133270793 668593328434 497746424429 496733861177 299069856039 
5
405859977119 73163306095 931098086159 945771814630 202009691271 
30
102226723060 687400583985 473778722996 783230751502 445775754289 569679929431 185825500329 261098933191 97177800573 289324211445 372183843204 353859605499 43894485047 980336008231 165918187867 470763564610 171311888696 97830211334 158586073399 385511048728 128106755314 925147290528 109643891836 713185510001 999351071278 152793828824 718368744072 736940226588 776334463538 739211860419 
21
209487627029 359500380934 97047799351 400094276443 563706534209 118732827794 563028287999 357646562738 241269747266 451838203919 117799977389 226389953749 550218433900 663830992484 318824460946 274310607553 483411142269 498576126666 939495814656 993055803789 938194284959 
23
774512685305 262485993840 245555758685 483617871065 165114430243 734089526393 567150734541 643773367604 352257780065 290119398122 407406868609 312651513346 763385779090 452682206947 308831182430 719714333359 225032399355 863924579522 930634925439 75277998981 400918534116 560792702055 70907261773 
47
667996682361 759517610915 110711298283 511441755125 179757892685 592591249440 944138186363 837518360211 885578796983 192936354388 292456448836 133810425131 590650564044 542734310565 818146326505 108411550155 921186234452 605211065201 929791294408 945154773839 550922751098 988455307301 721701924662 736931628367 428325364346 961319383192 93611171582 856940350789 642205949036 430998709361 269153292268 46587617516 844479518819 565799347140 74807715334 444139245474 390971886338 664827705432 581185840617 941115810890 922355719656 734509509883 867335440026 199868948301 12285072011 790277012882 647267392321 
15
283855733988 19124154502 92493253195 732539715661 332154162395 974432011114 990299842069 447671811800 870754289760 727157436116 940622232849 84690192436 511546294939 363203816885 531467787742 

