85
19
157958037391 504146307609 161001820650 717824317349 363010546698 385572085022 214091859883 480937541617 355694682790 72166478174 990353882457 33263603413 384460226080 404569710541 281652545667 590118167849 858933706083 141564753392 544898726365 
29
842296281722 216736551541 304946670172 126618538656 851669945740 835195918736 741935770237 110320210053 614892106514 643412037516 36408782052 965517939969 701446391751 940027532980 635996959704 412222257923 891456285524 14792273214 565230092189 6956933278 892505210909 356037404391 506933992277 800469948437 906354126628 95886240544 804474181712 428886172239 899693730474 
17
634293808665 795076936064 284463861608 792433698319 634102443727 531686112996 943582613844 452312641886 116580627460 829280066874 8870374314 990192871591 375672712637 921555426541 576452985296 953288311368 744311493269 
43
238070586801 736017530710 105882206587 125803634348 481862998407 236876799634 74097050847 492993453155 886955828950 637395340161 957655189521 767609638963 192535031309 283975285086 740225957586 804929013339 930635051821 179518810418 897622953982 360613562682 412151047365 969502783690 482115064025 722621010649 838558065109 646929582301 953759756130 680456453195 979045503612 178325851172 691671780523 835661352528 458240540560 71998782867 134753207802 23408200691 266656326586 818133977852 890826024465 896996526821 979292499501 117462644354 369259081002 
43
737537808555 104299323563 643500769862 22262556195 911692394628 64224873354 695407409533 130754692363 437959074299 660845770330 361874090275 208433477407 804042546625 593863468215 894511985225 682031401260 417987188096 345193026280 573652404126 40235576008 432584110788 362524677961 80642347130 327325537633 438490455504 820858847561 48144850245 122250282089 132770854613 431719941810 400369670365 319815963472 398603212510 127391272568 30110622984 911523319074 830217823361 788097797008 480556251077 767244127135 833452631804 308136852095 856904475231 
34
867401656945 380870310673 556720144827 59934285917 458877959312 154902530766 447286238861 505663525306 743880713807 638343711745 383313355087 923188010893 931741058086 131521099992 150182181039 12553781149 203105725628 314749128686 372400942787 149844398054 775742312657 920264232567 766001713364 906899399512 300925966276 667737900507 805509571134 796446361382 582566549985 732035464826 999629659860 756759731252 690507681129 951115139749 
12
390166957675 706928927180 300320829836 999520351560 297911411695 485127618134 357045308980 838724364535 820436020870 458209734298 531695165403 113823195385 
33
462506788106 109499728670 242897260548 80651607712 673489602724 634437629618 684353327614 691418589959 846806916592 297462909802 928880021987 291304354254 888987122346 340607609124 63823468392 373283934056 25773296300 398394708299 464546599370 781457917562 74259202762 471004134476 630913570064 479637663255 564326193584 548659576996 173500251468 730439217473 935043944085 824695040172 605871070848 739498282383 587846048533 
5
757198505856 128694442396 316509892160 116853132 289084076994 
13
166369070986 653527233123 39830154630 495272522943 993148454873 51714675045 870491472078 875551159512 348419961976 647839673367 82801260888 37538056766 278213105914 
40
173954942064 961382586461 5982538006 82180763202 942381480898 943860751129 979168658206 581795953791 813809249922 312867572891 724851240683 682926099121 818557416384 871387384193 784105620194 729067469158 447741539815 87995712949 866002153947 225558697589 123434623825 268045575323 306875496262 39314127284 736723637656 645218289225 190975935038 573193111570 24785614192 651819548801 586361035875 785113409301 830494409818 978890191233 362662207900 192305096416 628414272678 20383520428 596516602775 967329953878 
41
620254224252 344215115889 182610293970 460342249729 991496744349 130234211046 242051065909 706935719775 240012861848 906354598626 232869226995 467677173433 540617091880 150572552200 567761887693 355759944423 390958056606 656495372796 422958822735 355820169762 313802310723 250626172298 246110476096 179941309085 677147572146 319498159559 210929462881 887097342807 998581720513 427845856540 448221124084 869042317353 347567451823 672305258000 621308221381 347336486956 912521849002 418146967139 873106091488 760435805813 385119746122 
50
676645444520 220504982185 833025465946 782834423143 923732858814 914163812614 854597380754 386635967522 723962078833 483314780092 148386093992 425572544074 715638061672 202877174966 449606562515 401538237504 237058811886 125263608012 444514369284 302839732081 211045003988 531325490926 4851200167 450709597559 673074669027 799542758327 266146656868 308693430559 819872200071 969399638217 829578299970 49379745523 386132778614 510143073936 849093879651 743864969841 125457577484 62082881822 659748057356 181818072770 529270560061 500968447752 518176831226 320846347812 980913354842 476436649473 815187430215 147420566268 728833026441 49624673715 
14
617889528161 994429305818 630986005150 749369794931 74687705346 280982400047 576790662003 857754991905 626248760158 906388125459 17071109439 918012280195 976222683799 428125399188 
47
295114088111 980461060964 834494113429 514373021185 346214179603 457403717491 677480800123 566075086887 223795855374 664635522844 66034985167 685147942195 753884910412 479269829976 765271981425 922209880896 671990977540 207837191596 579481734965 104991811043 267098149774 654385672977 459287957949 550494876803 177851901753 336800701366 145440051654 599722628929 490396867285 753245564646 264801767258 45369039416 912799829381 717328047151 922146893855 18160298672 864079275667 542349427004 668456766905 601129069674 562304148813 678892718077 373879059740 808852373499 5743572257 798303492521 645673195488 
49
554484600899 650113643521 451844781300 543085141325 693648544564 667202760429 507023299105 505142876362 383377658413 729836414809 133845660243 486920418670 78382182968 783562721196 20701153760 620214650475 296276001864 661835252972 343554755831 589612802277 688522474784 446546372795 774943227682 736833568719 568831975555 492920499711 581521886371 56493115266 608804872889 569837369170 163714845909 828651260955 348619180681 730513399144 771220620325 280678348756 401382423892 682607466405 12590662768 52200572290 24202423533 939120511000 148062141371 989746606069 808424768016 752827610787 25196939036 56056024814 594556479676 
32
272493479216 373722480412 749402224604 663770037591 25288748591 124005318357 390755176090 702874680402 744413958127 223017624715 730867466065 550446015019 417860211764 715806441562 192887287556 834671742060 641871381122 283677144487 295288977326 63020121012 245198179566 237648318783 443740649174 945043647622 225270104905 936453641052 22133100920 720048205758 14772047719 361832222282 726291156080 28237342093 
3
832443386977 824100068768 772505681126 
24
892116813256 80639027012 810284252147 269805320810 536708889331 763539554164 731877399370 359663619412 745121794351 399034561418 391246014883 202855156159 442626124731 22060846082 553590065224 717732734159 324877018958 213004677213 828963555394 702922285077 557086945579 586526994393 663159843601 966224466692 
24
436911033858 582709744682 779863330357 881201784464 136461179875 111133709045 146395941774 783265357016 156220279591 871319207674 418836677623 308627393028 526301436436 501079346918 603084557923 254331784479 796847965318 258362915248 284217601262 727386677581 973930434893 792184239001 418493860390 943125809016 
10
463627068757 716269034512 785597977724 48482573147 75211938428 749006259529 618110679007 389891918628 233150928273 74488471408 
12
821400174571 656764484293 821062792994 470799384762 3237294039 105708763862 692174172602 648673615197 711846742387 833646958849 838435587543 344795523252 
48
174371938710 95412106511 953049633668 93917100928 61601318527 15250078039 995185156047 832531064365 587603210238 861346852378 253816792851 488602637591 895220472970 574640459761 235335509545 573661411973 124586209244 417658958476 20421637224 112537479744 391843053584 530880256250 390224793298 532598987312 645020504217 863005669295 745063435122 408124113294 489087742704 920316050263 61236271324 592347730236 319648958533 8769531005 841432473134 739996594422 355481003164 709108039944 470054628257 17272637116 506509430973 954999302205 569585751962 10750343803 616509609140 587234030122 864488650656 503275023948 
17
755710337525 461880522636 603061162169 15119381294 360815764369 485769484557 995856793538 656549983941 776968697757 355429355017 418492969535 47211239017 820900511038 514231873330 293056942916 670859049785 445384192918 
5
6001216501 466852759818 550447945729 229457167984 181491182009 
36
92895533228 849333592591 564935971581 163167635434 680399742076 929674186767 578356230258 526891284557 820253355066 223870140672 401100653519 660486436487 841877239376 927985253969 658807597656 508413040367 335449776509 336863485398 810814787627 700352913025 800208236385 558519170737 772890494645 111254521662 22596156859 57950474245 188310849894 769239020028 439950180860 835438079648 272960128659 843400726224 16581811558 895450826499 114445361061 609798886018 
30
671567856764 685546849596 727526903474 552221726944 206691805035 116950167292 236408205675 117457576340 46374531477 602721528780 869604566324 232655085896 619996218224 351072759988 660806067290 551066465934 431275056889 835723932353 590559540367 607056705275 88836952885 393959658039 671369202178 211297165951 932403383667 139930092334 777795696373 495854098972 571895325250 531344795075 
34
755112585732 925376379854 942021814899 722091722440 896138969598 526330188622 681638354070 822144112697 582106164933 183740446742 218346890487 248765793912 366846528829 658556458436 193268038974 955513320894 158740664909 605360549303 591328341242 62599844215 81621224380 447284348636 965916295731 498896487171 898432940512 163942602693 609390405911 940091177857 772651437293 402515743574 649856451126 869304906266 811898155693 746962108865 
21
252770341626 785618369634 353216437587 554356736570 114498948091 462125193084 591538404324 757989201857 192217912576 910737092584 814429082678 853645375588 539575931464 698124026931 499281682991 325381791946 40854845084 295886217682 355512693781 206844705283 369517393821 
48
725067845793 514913287217 582540517536 317994949686 662328508111 385662508392 795291456887 169151043001 294128067564 786824681582 666415919933 856291452556 516644552168 933562198710 381035150895 618496280936 172507607749 278052684767 700905768389 34069913063 715397385185 251914635057 372765235901 716358164078 127343494664 681335272754 115542478019 142559930654 57067409479 828980356645 981076673808 855903842416 970427008941 925665016982 974525792179 333398204365 341403278295 187799511105 45503377769 539652755458 132665721641 768794694928 491822818580 356251011650 67107771480 513872013795 520069975397 210150411056 
24
771870166227 934222761800 99759385938 462084335916 171015754402 34009793871 110585615570 254574681331 755702838647 35814883410 318420077134 878125841835 162681661437 907426926230 180096514175 305318274233 304063577007 152656811790 935554642052 721607872321 77338080636 778319386220 555846986900 272574321487 
35
837671784372 906106315998 23178969618 250558455019 818148353466 559466242414 798318179132 298518153457 274117173483 461327639661 740104157455 467407394319 294042029986 339514685903 887036282720 9214141137 873195774762 284473269387 797952851749 503145303325 780214559738 188705780938 655888876584 477080951754 491286687978 458558987615 883327094129 150746289496 472094692886 985450894540 39808568602 194757355775 901842411142 493433909370 118226552325 
32
902891062904 448423221888 87906049053 740649551206 981867587854 251100737319 698390023750 381029556583 330895955447 547964053182 580319097136 879868722695 934313038945 827556517534 419065522049 483683446165 912794310379 135337929813 964628011628 910914273703 590225231368 464755562250 962598514884 637363824856 73533460459 143756029797 458105083121 685482275045 436267759286 392902148616 98682822424 404699081371 
15
463154489517 925690903720 373876707963 559192023733 98438090387 851599530211 483431370705 643972151 460432356334 605260910858 987125395053 240257812009 430049245490 370544939783 971969488034 
46
136922075111 650319254713 50805534463 624623249455 416815877800 187892013148 465777222173 207083506347 659195499115 886272050131 192161671834 338037581325 62922824018 758024830184 156582876664 982099747619 25477086427 404329930948 587128318366 583930452330 271326199180 693997911796 391715425362 944875377854 165210925989 692924203608 618937957603 14236478554 345374002609 11472614254 812634273016 198885479852 333110340981 98987702007 763121523175 337621737192 195054899279 176629859534 208118816852 444360294346 592647904131 718042500681 451632706149 125658176543 925752308248 334617066702 
35
544976527279 298623574829 207404790176 798253970415 507650121042 588427715933 246830353744 457955641428 55992332610 855709491671 149573149619 328593372790 361172839078 692549594475 44814151483 685026625590 805385109240 211025686127 171005152121 977239245947 875670795359 708384193628 3845790862 842179873645 908927571307 112030731207 752955104912 453519962708 274922932168 165629459834 641791334393 95458150318 143481467791 331898984003 165546373910 
46
630181518270 913042120135 998576544028 393695594524 135238401928 787573130968 946522518025 557819917385 980249108078 654315828186 896138312266 983259749367 427757244787 32229686622 372870425233 175883536937 97765714002 6049950107 475882290371 90539069859 434021881028 666394992588 612568288927 316708454055 64871853206 832358964079 245373795165 514784905635 292564036810 656487460738 236064230139 615261453239 826448561425 200554218195 701164542404 137621925137 205960450847 335243166150 26306573678 100853125734 856713848986 746091715387 193704552962 992648174728 904858223382 200922746855 
41
750291090852 986801746989 869947230293 126743859846 460346259861 751597156048 550068295982 681955192310 401053941171 119252411042 983435272579 651661681279 261721515886 192554433541 750511298965 40218609258 633857260385 574392371610 166857263191 140271299165 60782595527 604371949753 102571860529 718856067242 124649464463 768777010518 438671738319 702447749124 50962773728 925683843043 851139571432 927265913365 993814998388 122686138895 104885202153 888598503787 555120539990 547343757608 92373840565 953749654934 630175751595 
19
834074997463 50454430830 853597513499 857929799492 72504490557 626637703524 78469293230 713229292889 672971855980 262087295973 676426206482 288951460899 351337689279 244286542838 403126277582 944268225104 67667184118 230686672888 411976329912 
34
130660970532 884277321071 574603435842 978975278797 213158393742 576700996173 125867010059 720318884067 128604049968 309761717156 411422236009 544858384385 149435061417 274461044681 144043681497 705952879793 64944320607 687031826129 813280910020 442896516210 587128647521 23004705467 824228305386 321394672816 713139619878 698070540254 516545690852 728057186106 395885839084 833385376458 753851129628 789151190037 607842042979 2963933591 
3
617162586219 808573787469 928779766024 
6
595478862751 792856032804 931053565130 515692254864 96981482232 85862473692 
18
969560185033 367219221230 285163857884 543742570405 167744987136 574220708123 668058317062 329832351219 348864425133 862939745244 734188687151 154560155127 811325471990 58163963055 265237898472 472716408400 169581146934 181180650106 
28
939153333316 461732976061 292094149381 832982942261 285391965619 552500835722 351735654712 5097150375 869490998713 745549995885 694631855431 606140524464 747723088684 540969589541 153250047104 59099755344 527245733757 971533823074 788587694531 881990945471 583876576323 671321518256 193145790137 394034653451 129013332656 214860668772 900704317589 920440011371 
7
319528932781 74483883724 730684747801 942055748242 921941893512 531978257250 614162834126 
36
494613271215 298004762531 248321011121 763604414165 607869179237 576072880845 544163718985 768126277679 443164105790 598979121671 602070113397 408773489373 873155653728 266259790025 838757602526 672546466038 6231411498 611911422251 550007468943 932285252207 916814282820 220092474507 870265322153 351230299714 851285680533 249253207719 609102174890 975895059999 136445927684 549419167432 48825759267 695910981187 822732777130 860010796780 243003524673 671839598804 
24
684930564697 244604517749 874407706542 998957900151 802890714077 301614498843 550139572249 704143571215 913508760430 767281506457 402929327702 590554396080 337073381798 454762242912 982375445716 384851512160 342077394991 886345258058 849812051364 401305101683 475721344410 465408183325 334027180242 568540650911 
29
10409796149 669043986592 572271945970 192682420498 92089261694 822260184071 335528316341 864245109232 423644370129 98843471408 718845427066 731231808459 622258719492 699814967298 68910259955 581151118696 499823904441 70981609749 371542247092 341684960357 394748147942 114483546247 606887989846 517507147239 97900925898 624011601740 476183472975 956933425906 296891708268 
29
813975742694 764782623980 626515457706 407613088830 354289201436 60416890276 463249661094 988490014250 619208727824 779991884845 20180486983 671830705050 11151385300 785546226047 134537167398 148425957059 961179236544 542414257358 690769379950 360513853807 279921804494 719868154381 820589957504 290434194989 3106562359 468770071922 383077927948 656378324700 94808096903 
31
366526106855 200712591633 204081374898 285748510614 932218294108 958775183753 151103790285 849435807334 791159013569 67243505781 428335615504 907069414564 793249118562 795978097173 735122621767 993510523981 721954777366 967543224673 924798057074 269838229499 345721748842 529674482448 255264017331 565439372837 238118659874 258355879799 351590012598 7951309891 936693151300 883232944944 887272162298 
46
493711887688 106208529066 257370367787 991859805886 516146877851 306831245200 83076360271 926805907767 171805637065 26740192330 875811283076 484459058224 408593898119 880271856129 22775057642 532632622879 179494052973 123746626846 14467133886 955507737836 675164855087 877178842684 164611221899 531841009243 362314492614 970053045539 302631999887 128173462221 750192021125 775053452701 789023442108 767711249198 538831199543 287824766184 854620659628 855228352866 625578893192 166185655202 282062078423 427690347235 134920427304 456836250063 379428344480 411603957154 827251724250 807898282464 
15
502397326712 502026917063 168305716602 212984030070 930720081181 495792404178 489210124871 36060720618 14859692141 819058222360 802612431406 30286571320 524499376373 257945331854 737702844312 
20
874252603361 767156898254 52082819499 321886814379 778094852156 19031041572 30142146432 526537178341 574869400724 801239526267 598111167166 827291901362 291654644096 618040489495 648393978157 335802313792 719869707550 790441286443 977484416060 627984988557 
7
925138515914 762853747555 838519189877 267811561799 772730538719 81268672775 98162395534 
23
724499651135 686042117967 439028916118 1041277436 452429914003 922727487221 445490171793 892552408789 236246678812 379036626987 712198915740 621577818925 62205562005 321901134230 402428957184 479369221533 266747967718 257712944761 63882804070 959849837253 384244168470 56780915306 876002674111 
41
291313751214 205495007768 827354141835 993566051333 651336811753 13384103585 430339593845 248731913608 852326430421 879174672985 541179000541 443188529071 289006121270 821327548027 758044847749 525469048712 583060606462 859303461544 639163858075 235827212799 189818151119 803825756337 252127520745 376414426556 87700893472 466653291732 63619955960 997307218770 830675630752 148877158609 613259982340 113490688732 373262161418 577595197265 744129179296 154943056143 23904255849 324739984829 424776479482 851174145721 769693305949 
46
666126688823 73636367074 607388767900 609359119801 646028733645 732081881878 636900576598 623475292289 874819760697 863330780089 289446019157 61535087504 494021911445 329251792064 389966796223 143259085306 428739903871 723885808069 521301257142 898570952996 234405298432 128873457394 416317030721 84326826839 517517906867 460532346817 230853932765 278513117649 992441955166 475922780046 233173418766 915996580519 248313340569 151033657240 775309827494 390503635937 459912129367 315632655918 662634781891 181414318628 324438659280 418799259368 472485093905 851665298863 607554789635 245217073926 
21
950477274039 204164913932 881080023749 674371280426 916176607294 652726476852 156451729741 773923896553 346700794612 246879144177 758430016265 228444065172 62286776135 699410856736 665743608172 158845705331 543188013047 656422180380 770608544821 131227111043 429048368908 
37
930109964169 863820972290 432817877525 254203441784 965420566752 57431730331 844047881986 243667690572 275429568792 941452913000 595491828298 938567185882 236792685981 701026089897 189344615422 754296173780 586407028284 69771922710 148176577622 542969437831 69895286016 991234209973 414253847628 493411001437 947101547097 904368007208 251529538556 282544983006 834923983890 691127153166 578688930787 959557050952 471771059427 912393855343 789441808055 255768263712 887870344207 
26
229501608414 830107333176 540442285833 705479888285 936055326327 223368786288 162747465742 910915554135 650883036489 229811493289 947357201950 602338852219 715734689402 542069391945 154289700543 880737698905 199344239286 359699464303 490958834873 366197063247 242989579140 423454032738 432507584149 245452514570 790565011634 203494219232 
39
820594643735 824733723843 376600880161 879004150066 14031529033 600215902598 88210106914 358741359463 754945596504 500609176196 401081225054 967307666202 709006954758 487859202505 478781579076 505467980236 365643333661 425861191167 785948500727 959980790350 320198293370 826586020265 566666769939 209382603615 179145863242 63074110419 871034291848 775450677214 808807705617 698365942560 343672834323 973335676560 910571209332 63890055123 507474896618 628929569941 580045701687 66746759930 472577025269 
34
856065418068 9223572760 438128567105 301789447935 513931915131 353715746169 117844411811 289945900245 460800709021 596862995108 182490462991 405273977767 898321336052 281495056470 313327243739 629002129084 383590304330 42596164952 388566685109 602056434548 776372123744 707272918068 587186172500 14654238350 209671906659 17274265976 448548421934 212553679562 455675217772 157593880798 49689805759 258420831178 908274072869 74210020999 
2
347017287647 693455479490 
31
861358810801 607877142098 515516317592 837980221337 426005083559 643284284965 489596773760 491239620503 995982655654 813407691928 495562857711 76379940920 368976889152 721762646774 121868581885 899339411366 773457958549 731141081538 921810405625 639624310130 204654396872 437171208303 579701056077 317259929755 951437980615 769068989039 707771595888 691667765456 838814665014 446908539415 596885551629 
35
219194450578 449777095227 23954692751 443941203640 339111173579 542940505878 785940307371 960238409474 269742840254 991613049268 129366344818 24311447593 817520218608 523901818824 41935494104 22187449692 954617630453 287594587673 651150856206 904312536383 264914664205 444368685957 130348918920 385744975654 240797156967 513160447827 482852766765 429664359289 157861554653 263783508093 764997784836 655137499788 218858372583 502060352917 967540284176 
11
52122059322 988061441948 262714654850 587571350349 722085076270 859308530343 91642014065 901908053465 244705504878 765463967887 557274932315 
42
14801798503 292556207604 905298894575 950274577513 125634382110 238727374211 336759832231 250988683321 182657892085 414457836087 812228415991 702673016042 293724346661 310933154955 37093386548 446324565734 87903895291 537452607482 357497152823 506983994640 7638700694 378771917087 778043749150 917993017333 310184007856 191346166880 229730674298 172510105425 430802953438 637046574585 779486330076 783106420361 667577629601 694797222052 765773241910 501583642761 419779519512 700261498141 17113381443 512095787052 732916886600 618314196504 
8
315966982495 380582968388 124665857145 441086648645 136546504288 863950297679 624086942053 703512029071 
18
231079737901 977224689434 516337377896 828090193478 107077807721 191941549566 724547232997 516147619818 403939984453 689944349890 415993472846 863030625773 974088521596 916757321773 404637569893 127472895761 582831999151 987152061663 
27
148340031540 61954850357 112696247139 724443293145 762118826679 363679605156 507753500711 321273393655 573351008035 821762372573 290014307235 652621583207 68309795849 594172821110 727418342889 592001498149 770995283289 557651039487 598153799687 734457466038 419828003354 853649562559 634869728948 562633204419 817634204687 81189989670 148087972161 
43
262884133813 524470949972 549301207875 992695557593 664563304117 94745243454 421070619501 119245094288 631518801478 213253742015 659986203912 531953380136 114245295069 784405266750 291329406567 796725829727 776063282243 818722314327 385425266433 836602981325 823948604296 943323677546 945105504824 979683168769 380651416704 855721069732 633231649326 16101081151 111617153895 16521035285 516645624366 14231966806 866917093088 613548745870 438392629417 46685861395 574932091322 10713405746 455349971215 973276163834 288401058802 180051074649 862836702913 
8
629226253246 199890438729 589420937640 334223346494 445107248616 728432957162 22736512397 888157995327 
48
183312059683 535756915416 649973486750 791003849133 681985073313 543466966928 832007421276 121694162381 574553950632 644498387534 185187171129 266055473205 32769705564 319409647706 90521926502 533434550159 206633731025 221907104483 310193659963 988714849639 642451159846 785750506447 918215006320 329799678413 702239301690 905381717695 405542665402 398153978128 612736614129 780511835976 662242329014 542695944649 715228161202 448692507316 294897798165 260934379372 738348041370 527483146400 763562735733 541057464897 442473176473 239357217343 590910209941 224768061220 457598779575 972014698564 176063896969 339176053373 
28
313112657443 915417120129 386073446543 566553253939 514919688548 946434966134 658454590559 101289361910 352072867647 723868808404 825688407291 513808159739 447433077396 180939203256 536206337423 215940713312 454437437195 718595474726 424798937175 145634648620 905722759994 151567056756 413819086743 397342759079 354847476132 628204734367 162825629788 724318874888 
28
997873296920 670010856097 35371102462 413141449170 714709255133 949294518599 700762085059 400667448363 741766782177 886389525630 636153654567 987610925 378149626645 691670175646 458646837062 176446793643 220732171955 407340108696 350997651182 689700126517 492341097163 841341538045 915569550202 527748739744 605100932824 149551110865 756076911700 956468352070 
29
324601537324 828337552510 686973161386 546084894927 510932320586 99700215492 778225972082 197417952900 618771442550 721143854341 462403369659 678581512811 290270131492 719611957969 811892767530 696578367939 426224916288 385795932506 273713878709 15750019975 233703887244 891625655421 548586143275 606275021259 834426736111 494317348682 462295193729 294365059912 514566942322 
36
971525878061 888760350127 390349259085 412889417080 764926500406 79867168570 467480550425 408577802168 124845317051 455222580152 425085170244 976052935525 48204976915 145570730740 611622703254 675036205484 60124095445 948869028988 161407278526 927326666184 645045960376 809070965122 280694007216 166394503533 618152542468 674966113769 331311492675 974459523880 972169623315 878006768816 700796075560 833625127174 605288551947 591952691020 852523591977 752282336647 
48
858345912468 319608785457 904762639701 103659724232 736120619510 889182563201 196865586413 972356604698 6245007810 822056163727 951236052949 808117932644 73988802784 810842503566 389708561275 64097771949 546862207782 603476801557 299113485366 803375407876 769792056836 831398812454 871056630604 234690386463 412328833228 864309097914 601489956924 581445734494 634093928423 671683016125 421618601085 754119857871 614292054147 122024256194 787301665181 147811122759 86711823182 923595603094 764331022578 890032000966 524993756113 899941512863 958079172671 122253518964 897039051634 50155644194 34464436984 669884792023 
16
260374335250 613261683988 904142339944 15757165930 897651027967 523582884945 650382109334 763982331160 557547810429 842179950257 595186136004 512008669358 366487404253 757551693221 377542194112 271790643714 
36
971557722667 629906264491 900933738002 888555075351 666430784386 322207996641 657818880883 262092845589 382606819027 54910731170 729358163875 763024636799 685671639718 317299676861 457664500579 952386085410 821525382041 625197521119 855241966457 976426807959 127190722245 78591968438 764408094357 412118401642 405158535097 751893390883 526649737658 246969058857 811984609526 286033387865 750709772945 127584551860 212069356355 908430145700 770277804745 896578908925 
31
202629276061 225789811087 458339371361 159034847835 634115027414 527447691914 655848818984 403279453211 442235143639 812525268435 532475236020 949713953038 72010973055 712882988470 35402698319 776954095872 233175215808 987925041178 935319235829 837223165037 423642088648 678101510951 246789187573 249719115549 175554298066 520309146633 41495689887 596331150863 581592620790 106352970202 358373132466 
43
877686051470 44202167038 659313285857 789475656404 742935237359 192520639399 530169047039 65836997585 957760576010 75383066784 7645216134 229838967135 967062952805 941871603793 887160929303 950310609397 327078522 224568001772 234077497071 684534969642 534718188483 17830560749 417516700776 310392394230 49820592960 738076308044 278926632341 800634777557 191956335927 7727855491 770295934109 489667638784 421074380491 390867966115 876330249257 180903521071 816258180181 222241403854 610419893091 358325782034 188407350465 946131617491 707059068513 
12
781475045454 18027870460 443918164325 759396618543 147177498925 72671180153 925022456420 225861084845 885686671336 120104752026 136924580808 823712138515 
12
25140833120 183002687742 82646700071 797961594011 887361417473 522072933719 526896553320 59679767418 462293618484 525075479262 716154224919 770552412099 
6
916206965295 475442343821 77109645417 488695913222 935204214973 15410413339 

