81
32
488068461568 557300535854 789701161991 492760829122 685470934737 281230786222 346197107720 185305253923 251120817207 753172050618 332677626840 128366257604 716425864272 199766798610 714055221229 47826411539 865378363941 898343200913 551140255969 246021044965 334369230752 113250589491 254342018092 955813419591 46718724568 496894247493 488432337424 851116441915 697767540198 7753104253 987220476675 545563175175 
43
742326807608 706594397676 294867405600 194167158046 812077405370 276774742324 908847119433 138318048476 54168931396 687190304567 910287061089 545186126940 602688776870 856643662998 693137577180 478789663862 880973193498 639039740502 299874150858 912193674595 436959056820 868741012185 237131092567 986269060343 632106387160 544998992522 182573446626 589488296303 904804135988 214064915318 307629258642 207169498972 85705344275 647924593027 651867980091 868727046832 937820248860 78709540654 179119708300 770487225225 857359610285 757497624536 696013759923 
28
728541332201 89701401687 958784388856 204732329097 463305242498 310734792402 440264781559 817667089414 783709273196 502513592287 806094673684 857987215154 462785337234 285076212852 545440035056 921152938544 134283960405 387204648451 8346724476 406434856409 55490843490 737923135964 209134823169 26021989197 851337112890 652170571678 176631526533 865621820166 
15
208140123878 899156865955 330244289217 134471294201 284214449104 141582757921 51055726855 189699836618 440033573482 581472136324 320408475849 134151586025 834178097108 242510030039 662077941090 
42
302153369591 290729100250 943963943513 414805639841 573895714554 444356510944 426639219316 374765986933 451852940995 314482867955 743069605967 538563292359 178549219969 625039321430 382543131617 219618124215 543985052128 227802424237 667025530151 563487342058 635277154253 512773541211 215723000914 256632243426 156867835061 26089527700 223265474935 431301718688 202484846674 418042098726 468015326996 115348767752 868451998010 143174741872 497290655535 530251856179 990409384925 581775302646 270313420572 580710671092 494783828586 525242220448 
13
203839193007 665406767241 301682711771 573945595534 750668942317 705439492615 410486230885 687794088547 344763064056 340655795496 776500188944 974861083088 36386438029 
8
658071804087 930397275465 705086862972 195761875301 970802119039 999192748693 345872275564 295957051967 
43
701179378830 902809993973 716890777849 68958146864 776243281786 233098067028 513788271412 375622432009 932136497755 790031647022 885957208839 889230803082 644697199085 360407278842 429770875339 996610794166 553939561734 401710878885 756525030401 195222965480 132662905573 513500884142 446357653778 671100226168 999142874058 105025835773 977497796751 608216366308 329666828962 893830137362 802163798108 963274146423 948960369062 718125482201 491094237328 434959804492 462333575776 897480207794 534127521986 244878830247 979361144566 822032263051 554427413842 
47
392550702929 583588268732 934810220427 203150274871 399693810887 658209576102 668444160809 782853723303 190795660841 672216672282 958257393873 466206140017 799118232188 973102088691 464514594723 490867757882 182856502042 699909261862 59859827113 64640116184 794825338091 982193868823 716937652561 596310862126 438317441817 586359588527 748548398063 871674909458 890530054880 511701710514 216582697197 894604809979 458726813458 694022659871 98907076079 14824001 220983873532 474330683049 302751625912 159813570514 43797197627 959274844464 52397336375 420183107340 538415700863 535960751761 81560082392 
44
521204012976 926419031513 824248894751 24186512968 401041657171 869045432361 52310967939 471760407254 330982443036 870263152573 863606954899 367940563671 566763244589 391504572085 854901587269 526103669961 889443351843 249471172361 163708879390 319401503891 325676638103 606805255688 790011054014 263891186324 306453999435 782984781152 578426406924 88258862742 234223329524 513872701188 795990528724 613755365680 756296913619 326402900666 417022648369 272083673543 738919555408 958002452142 215521117621 62896785146 395185442384 717570585626 996112655255 115343056589 
45
416483584300 143315874709 207880932436 40278005618 953270700020 375225609766 418339598362 466461782858 201667653151 947278276469 403127226607 701364657799 527475969287 582919461039 654881334461 672130401471 138114227284 752847552246 889179057340 158328558682 129333277402 694037206703 75804293703 923185164340 512839035978 315880441767 913300603058 12903142653 685036517685 293172866409 950167895669 608643422992 356430536350 385446385754 644410959064 208447132222 418796378230 60827449178 145201891873 860716081263 938428452106 637045027200 691708649511 872335349527 492625298239 
22
7544682838 14612960913 25755647070 290282334142 303171833097 559632888460 346539430556 602522524826 770289194802 502676091384 930688327278 826926959953 314467789375 525011054138 435465764754 17912019647 823980423290 910887034541 821638750397 979194275897 406270654469 113166476047 
11
285209559015 844463823265 516096643515 874470021365 970402507830 467050368020 695719856292 846368638599 881528294953 802295700968 412710493046 
42
430665539537 316779336627 724378940465 427556463005 68326083926 121559762953 300418150832 412881518217 470870674876 260027834303 261802300954 442698527021 798019517708 300776701408 301328079171 824644901808 32214392062 312316454309 373628109387 116990230579 794496866487 343461927186 673564238009 879436956108 329345719411 44168551289 150703914757 736401527071 607618468737 435025630109 188863952528 695148328339 912168834375 117952049501 96816637657 265496876123 300715991470 545380184642 278285857711 153791077052 175811485251 216054875017 
32
909291995239 868061463148 202328452860 13085014294 499957945457 669022984855 73214833950 179774435453 821831969679 81262598698 160204984253 690389236508 160113965844 948887061903 257242933310 391532968941 531069775388 249879493949 506406648686 546402226637 85984007999 876049797678 555764362011 613568160626 826950588733 312754960101 595040193692 386862078432 611380082850 43058592741 317572084327 650357001711 
46
44159331986 47754624443 148234129217 219737220882 744751623489 726751870696 237181513874 74880683531 233138790034 262202784354 597925677432 409841599839 863793737161 801313159713 22675028328 898636883987 842787184978 924295410250 309589050442 790836339981 963520955481 335565201751 861114062734 217305407852 761957826433 921759291885 422181129893 646516796090 397708236987 981159441421 335976182239 732348600648 35986468119 766809386947 580518166826 56970672473 578539647525 727152711984 105522803860 39067987080 735908146726 341940851541 848545709730 333064311117 791183402012 31206405247 
9
430903217827 482117084538 683933807798 676099641215 413452862392 710441508439 893733248288 356313323952 159601456648 
41
482423957651 897196085009 236829346702 967175637195 482807531159 674080278415 986612143906 779483434571 575866511120 897883129821 859406414310 521255785095 444471248502 443777116343 478076412280 632410542910 105923462399 511988684226 450872724902 937890728727 47929079069 982843779471 94737677399 504233661785 342547970829 503044237436 662552271443 226002464452 286110357505 135840746402 962884430359 873872080810 869463609774 970019373654 932627274271 829879006992 523503870562 325826673244 579840009453 754869718132 837436911056 
48
174221992815 994630634439 454444827708 386384194025 308976905937 410430047639 982275850198 433252540886 918286183381 675518595856 957628955883 724698529758 500425351039 132166436730 500919949510 506145386602 38110313293 548865827698 830996859630 676491020754 976331423442 634813357025 332741385127 926387026489 185033048264 178822952958 422714829436 283939456494 300767130746 434972000662 202721376483 652065660454 529895076653 814204731574 500820435722 444443999843 424261012097 589287059843 233005259766 862590631694 681004330097 662274674517 531016329028 361359124389 179273945702 571750712427 581446310786 363148661938 
41
760453840694 879736019798 509685727116 529001260159 189894227660 197819280271 49332420734 994238361302 991876444088 998590497038 754060257297 625924393815 801983635477 781788123053 509399788371 502467144611 857277213774 602613788267 727952294469 403108834871 400061848290 661767838267 336753666286 786096967587 569576087986 303891134414 379717554642 654110677667 734426321259 594367521002 852536474377 95672518633 417476337699 193804545814 524331832593 971690865334 104276765546 771306576916 776802075330 389140385786 921995966356 
9
774623523585 749290963561 308634706222 492162766251 513696009498 208474872204 234873521661 278922365064 441998448349 
25
367433645116 598364606594 81704386283 376122509304 431296556759 426183253436 885658586421 997264370327 630570107372 21740066234 599639402373 385327532942 350400201295 732940623902 355250349645 473070700339 606859645017 523918634386 601426116074 523824859449 3675021136 5413874457 581113471294 886422473657 385433019017 
12
636911104478 653870832783 98301496232 601115511425 468170978680 712159818800 932686455602 570974173137 546823071305 924647746908 602722880414 191134368343 
23
109770522964 521803603199 136722252640 898750405204 405691524789 275022871 782351968623 28488207865 554945850088 730554166039 175336687274 116600067617 27871578521 595588515581 993235107838 179865754771 833976351931 611280550007 563021297356 352910910736 841326544952 197607833550 686254606277 
32
673984431552 502336632013 479514486843 442893932200 662436254724 944385816584 166637264966 570291430614 796080984705 429594452831 428790019667 569200361414 579971566945 271941784489 8416083541 255403521919 232137833311 442068202678 504348025249 222369249507 442874673505 372491719629 297329996218 836267270670 813202564189 769173803567 252497163112 525412162802 360166288157 825903266110 765194776765 245306264601 
31
659412375207 490701897497 11775502689 460679832852 486729312556 55226764439 589853830926 857024929862 992709104709 765386912796 696100511774 233465120032 834383574440 430311903736 915164494901 175743078311 552760539196 75620989038 813760710139 681828300425 242475059308 571846875186 892679067117 613493026195 729984017727 567050595092 17992779903 896073783199 526183597446 76737213482 154965644819 
50
74183125175 765384339908 592937850954 294708584173 283450645043 382520903233 971703759840 929963946877 407987227050 399615014275 295839448918 944375734109 853891919410 503755323129 703128455234 197827357865 972543283143 999058168414 704574608210 699700040690 274589397239 263956932212 19184521003 985585602340 833157301639 375576898063 655718366671 909525006883 454654955712 753590140012 663468939850 462318764202 452007915079 739173661455 291729112296 303830298650 884499017557 908815636260 990262587775 55659228555 604926280960 710044182409 302240424951 701050716793 212197920881 37585660609 116952286442 867609273599 859761195363 924829633490 
48
226905961393 371551526294 950445378302 338432693053 831452949812 815441944494 359728011972 175512229396 655342929207 98778924556 63054908620 767681929335 258651229566 929182031435 672123015975 211352489361 120230112714 920732365141 832001624260 175534682024 816329636027 958875098694 424802584630 164742980927 317223374325 381292991709 363908064232 492815160876 892206379518 441478449585 966683738669 110906634496 266924094962 500537514181 898133853148 908589874705 840409381076 547915607210 132760516002 282922602200 7434382936 793960628425 541288763413 904134527356 152342689862 654067292031 229019157916 821994807347 
6
684249264780 569563496574 440784169914 17465325883 30484389827 108529333636 
29
338871781394 285508361822 956065069097 203706117069 50722019761 161825122356 344562444911 398351248997 856825196914 953432727128 962667164922 657243165085 32719735644 669682636655 511762019248 271574972630 997987264629 414887792309 713933516931 388256951274 541887650143 147399989289 511496390415 151582621554 772390795527 693539395487 486967841055 686552669628 798447895280 
33
812435494676 890428386376 980222591497 726030152443 146234911844 739462830607 523436041909 264295033051 697177612411 23388285366 75274236017 303962198875 73852294057 645997646598 690122906436 437665204318 610567484536 32344153146 349252805406 489609386357 717881671490 565175292677 18550642952 411653232110 323645852493 137489776654 285172769838 144426710100 474438576061 552890936216 389743650843 865831500742 562252908160 
2
807312738836 311089403231 
30
363163196137 100862365975 261707781819 219125923210 920228840791 297260596166 144556431574 681431879713 413678286413 156607824272 728575394629 187655521511 470166092390 773828852662 522397583697 452648847657 762811259558 869980776853 942047510209 649991828976 978296931353 992278243135 408297861587 334166543877 28690263738 942454899147 931672708638 226228790961 274191131072 410333920967 
10
539387778294 771982105746 278370633436 48305369224 157947442347 150528884826 305469046280 756101600939 79893948536 489638916652 
15
553238920303 822881526567 707659405193 304313355038 908685979629 656795363088 573923223839 609181552478 498819739599 664802235801 364974277639 740374401014 927898293468 253214283374 946858631453 
21
109228757284 854851131014 973513366135 450799354953 164716712591 707712607939 410541092173 523213214410 682860101393 583368608057 129328099713 117018188819 315246558649 37824558582 509936856135 688681657050 477800389248 301310263320 711865513827 717052506317 841034505378 
39
578248902167 246650266900 180310232152 451856729094 241244110958 71996335709 757157416607 60163333476 123093545218 572106277749 679083166773 865861754416 78891087750 598722532217 470051941086 587620231572 877874825132 133906609980 495965755372 972236593143 333584062115 645408036811 67430416470 183594568683 155860497707 696711751913 431241562609 148230626501 649570971481 6976063312 285599917393 739903816723 448606357750 498541186431 947521596021 505623104086 1680165484 611172062933 730591772753 
42
292234158816 908165412031 950634557080 331314376 210933831427 710318358955 444129148970 113560981561 88430175285 793067118918 317938221839 775866984015 778006058074 999446305142 503627271840 28654355069 264285687853 121157103694 64935740208 979291400611 473057487348 709036526580 767550383595 982511886668 756061871592 36427858554 113324043641 179031607072 316197349523 970946534421 417618889952 410730784560 74931491752 146059958705 459780692502 567823382745 623244675811 634182885013 791130546365 153941289909 349379042645 629815796541 
50
889240806377 928577803912 266085109403 332954227442 399543859075 138955288509 524894513817 812582705517 867240053174 150133795060 210685855717 950143371771 994381471176 247170998218 56201664134 991808052700 466625185923 764283435357 261769853080 895420472334 684255446835 205307328993 35841280751 618064033973 452536279740 911504863874 629343842656 642713580058 231252618203 237245599947 559144980171 171105929085 293097410840 391520244547 354894572791 911377221138 19921853302 748360951223 216735759032 359732061687 908140346916 678829722566 167655021739 797987131855 649526839213 611523593798 947766983735 744501366520 327843109853 40239069646 
5
91121085724 200527445642 764787969532 834111352526 806689886290 
24
295438205144 227792494894 16206220073 820528124521 801203619681 378273239528 472210841124 102055192717 460513775288 903846944242 77784476264 66915962168 295372030048 865677588900 52542121209 536912897240 31223351892 107473483275 323628364480 939115986604 34969426687 446221641350 709957158504 150605695648 
17
255174644309 58835731901 927339469370 7221183714 786749519011 697323521218 303013063163 594467060465 112578962876 650916473840 192211703184 471909997061 271035604189 381370462210 834480217454 465773341772 41617375469 
48
867820026174 745971092099 832950949495 578420946679 381559071804 463822551352 725013514604 334557216213 153542525854 609593434164 398387571023 743310108552 618084008513 101204880944 531397926092 412000410302 27761098206 425027373256 745687089969 284470388763 428345122112 404469511059 744179707663 1855089314 74869344645 635021042744 1829264069 273961110413 487752466769 391206453632 882803061989 23991447114 951646625627 896629334333 41541483370 598772885062 698394337461 641143938642 673289937586 745678871527 808535565493 397546873095 69913352757 227207672180 502930204040 350363042586 394001893509 492982345378 
17
258297624295 446723722164 311975514014 348464871088 988072335911 180088458707 933795783943 61889924932 2206186205 893597589021 371235538527 246837615258 772819531036 497388008650 734436303805 957601190679 763930502260 
39
89487324001 162228751795 184863984411 882038450264 226499579459 638481805450 130609552896 144063176523 563184814097 855882365003 540879092686 426051328929 513996954143 736049072643 442428748751 82054368258 488484167100 681702149369 963611281643 104608424059 452622564469 54178795485 348706153929 303758820012 831503538359 530097435139 383529192188 499386218186 631739220872 185998380133 668325755695 597782730986 728699301024 334457788985 668193404581 250709465012 624421837122 721048600645 105133111727 
25
400345573079 974334823542 960154368906 596830980 164311320465 165010221989 310093888334 742320340646 146118772325 145210394921 642466978946 832484218294 271828219982 717563290037 194001337731 860391417007 467498028879 865672993244 405180588642 665746925553 615685068060 628628948392 168962559834 522470705254 430326300396 
30
429912420451 279053409449 125981457776 612933022528 13685211332 79531755209 134336760396 116152360638 387261893266 374697640891 608931572720 178161905887 604285219636 419741798596 918189759945 806999089284 56071099370 242558047514 585269150272 88027280841 577434217829 519278774628 277116372997 19877875801 557195288024 807381471045 256085567909 836433408281 542151931438 435917950538 
45
588247925388 976812766191 48773890488 908847626276 127190241197 794556579910 709128007924 498494216114 418789666190 308209626701 853105287373 883816644172 724697370955 258360488594 923266836898 989290210391 239615434473 542391425182 822434844203 596735144530 676304552373 267320809927 990744000696 86192589763 77220108320 818674946827 104066475075 176287588720 579055163891 725913341031 250515082415 380845561696 331168913322 400751327922 326396307507 572287316782 964111821568 649780017035 539483514721 7187041851 480492965569 556923746461 799919192171 177604912693 717457089560 
2
757962300184 993400022072 
5
560697440451 775421960479 769591945549 738835802419 608568064843 
35
361312139800 556333398627 535955049965 361222805218 96281871350 532966783283 541771289874 322782766340 503509399759 75196308861 196523474137 58310521994 443894793760 818488031177 491715143884 617788563396 76038468045 79905134523 419038364768 245403214060 181632049428 510837539187 571370313402 624550078826 332556099109 218545699068 62616350131 985880833430 105424768243 557899129485 549060616599 6198102932 181749873518 189820926587 849797545143 
42
577851858312 841986778549 353257783627 549737155485 428525398705 685699412177 82388348162 318551589040 571125151725 747725077052 433033178386 327742482163 685343367367 962940003113 537800861910 687886017615 294339578270 989999634205 37592049848 654877574028 703974676778 134628598131 587436644788 130233071419 736164944489 284863988246 502419698022 536677831573 3917615163 57471109577 586504375988 109779347507 770970638423 98584224171 250636986741 676013354285 333036828839 569079175162 550489683517 739873537504 552009435282 178217800066 
45
863284887029 206292428544 775926847286 309884325800 615474957311 335248445998 832487035686 695689710341 174399408225 117602695094 468055409460 135438537912 424901833310 298505698685 771502386501 295309822921 490815417037 171387323053 663403112373 974207679074 583046747330 862355236507 660595040858 245740698452 262617847332 449255113122 21176333117 300584351436 480156264398 155296662380 749302415488 764266044625 450393298465 990197864996 468011486754 60214750022 878517033721 446959016433 410082677340 459423918901 888900910477 972907292029 928336906252 329766150053 766321897474 
43
325738303735 520444951868 127856101296 498979778264 217360090342 969247596947 719102171078 108541702473 897335929978 65647015992 627567974311 765063205890 97499584243 243735190111 282958988553 900961385926 341134230299 243679313304 108245016865 889134746813 400234045717 731991170412 845106891791 723586347782 668074803126 372830684418 216809886496 583698821055 600793721015 401784990863 325279097567 665512361576 820682794389 981469098824 326489262129 605091050210 557214014245 860606519813 118031537273 763659883217 280620135350 2899593683 737611298565 
45
537322431350 39882221224 835372691974 495660476542 237293166986 868714230466 276379438463 610784582945 227808001848 36986545479 370419776752 160356982092 182700089627 998283142603 505431478328 770246718333 961646010259 761122211204 2300549074 622718951695 13877313280 633063175431 408296450964 385321647692 844450665984 292776931025 375178285978 70305969098 333063491446 272321302071 631865786794 790944929947 891083209139 536084291913 195127291526 393204977003 300604564391 141752059324 372723320567 807334589287 656039953853 911424121091 198931293713 94642664916 897428615206 
13
473235622300 714453050589 850432362729 543621343319 10950925584 230470088648 138111416099 275043193326 496208473336 829515777710 4836493501 251768709927 627057469580 
32
786085545850 908023436678 239558468179 362798527392 295113589100 384942359634 658320243099 692989604196 402962533488 379897924995 734499612884 997226891221 209904976404 437543063074 437267429958 926789547106 367455932390 988816359750 67272843638 687804865726 987015031502 61383048158 92150663992 285171024105 119215914745 655690482327 596063906480 683071697942 70495899893 114943964582 891112081700 151389867891 
33
315594821869 637249246378 752076011631 93571244753 428457737930 763763962306 303996096252 124829672459 138964301508 971993007359 296011701378 257379597506 870978649313 596830924151 120949408750 555950404975 341630298770 405524228849 666943528168 158587752936 755752854412 852521021799 737042904411 632376641137 375396506176 504736853903 448223416747 146974903261 639720753286 405795769333 612628021715 134788874219 773050984626 
28
31297591811 564816350992 934294454042 806325497021 966543899394 486055963116 653480007480 222626780168 317713647296 87078215627 221273801850 208413876974 595558965252 162229155975 615052890323 921496361506 353104913683 291653461604 684170227053 229347515483 448466305927 863042587662 363118812735 832412835726 332405015930 209985516959 30063832136 391919204758 
27
62530218821 665790795671 281342010151 803407859120 719664033377 962217248672 95553436956 18509722452 822189593995 310554133341 41018738040 985582001617 871405509238 266272329866 251281361689 537393458754 948842131214 515352149661 995183985726 311542715192 683734260314 890484815284 792737236955 655445058014 225568759371 592061521775 389845901248 
16
417049474405 316174909256 506943936910 100678175848 347978708562 785100222747 108230080242 284836212652 728787653386 808267311643 315513613954 56096598710 373809196919 732929558541 146364564462 174551397438 
18
699489828328 148386558174 510977046875 35646312585 908426408099 159778677484 710874426916 772417886654 546267025408 135732328613 755679199369 227823781428 519556057999 183707224510 472770423497 95808930429 354771335431 697589689556 
33
276651225392 810158449155 650187686893 470443229595 690679402319 520209675330 651827407835 73172409620 356931585069 415326935975 810061115647 459994546995 939141444611 775562451903 563357012961 562054406935 884441014555 134991737646 837503200332 489103415359 190579523681 540926973739 683435595082 454933783952 988963192862 699154788708 763823956871 229715727391 467949398871 342198273915 837395507823 329568014322 523540899647 
45
606786332489 535395591062 122807533869 731329148542 728722345710 594146747765 473319151504 229774646339 249791085249 61801232653 376862658768 890091138060 613062391891 174134695835 21229539976 648558953171 930479826627 372035982750 387320822366 770234471733 557442626339 709722248954 875112619974 871360889484 771094470538 910565788337 591087039134 962288990747 110575399180 669748124957 429896886804 224259600345 551393716765 534714814651 467211253211 684851695906 929160801643 361441424850 260573752996 913012266070 317301181565 678980396288 456749191674 301980708372 495425378772 
20
946322276074 501662540677 156453322443 315644227628 899171927442 447987036675 184298827259 522332311650 145878912403 376750665523 962794276400 243235671003 6949880283 493836301728 171481584837 972797733368 741550511382 797160666421 855762130752 207902863529 
31
989051209079 268593691656 912065696996 611608324582 681619017337 876952173072 1002554285 905578666016 791059274853 736741231311 124108404121 720656678599 880334055320 154506413851 557656834551 750323601646 272174500933 969275443099 393957254218 487818647450 431928027911 798403534112 485686346905 25540826199 534317601186 377956266144 314347387259 821698203459 820026668198 396554882040 907934809392 
13
921038267133 212747874068 529112814642 920206869642 697487393058 922132872953 898886513554 329704332130 394260516510 772092250037 658970751536 635633075217 118018438644 
16
778563330884 888585105685 186959425214 823533898836 46427200014 291048925286 425444213707 489767097258 960272697470 390970218553 165539951737 292297445952 355739972599 257852625909 594501016723 743011884301 
27
761668453332 699287810156 928251833960 111256022225 922373882957 166016521157 917651825765 750208243929 116073998528 376014755341 757302199594 629368382406 53005075547 909393463757 837358752188 744090977964 70344225616 991558901369 737178548318 527286909276 434777946599 127975002486 100699766030 322123914385 560690646957 643166145965 166075259085 
6
278248317984 940113663605 483530067469 555042842398 330399351856 106510077529 
27
222355590766 260333971737 781619962195 953370034907 916626892695 547449763735 902950951960 3013982351 372187222258 119274532318 758338962044 87116253442 909506522354 671117021934 129038634705 542341845453 228388639307 195260953044 257506910277 615373621503 642087396263 553770494155 822266084909 834634447534 688297392971 319777861603 112338335475 
44
274808381809 687775292808 581052488412 244956241280 391503007831 169856364455 183979117493 986963937643 172821433864 37859401069 63713980594 423076740059 747078137709 169891220190 684594185607 617237678410 186600074956 125471050247 129550707242 848803963978 751952363310 561338754858 305410057897 438884803597 892971009864 432536099875 478538745696 155648026811 610712508741 224263643372 288544533102 656159627231 619780251956 756287948471 132854876670 327254028104 565669075104 108723257918 463154511757 343377536195 978059356065 188719774972 89553248392 230532872121 
25
854678636168 118014617908 614070074471 268378764445 694305599679 151799282738 708427131240 846838432940 974342395830 913330930171 698472400427 505230125960 538066574597 239774617776 984679602112 791713372652 977658930140 936934014962 570531984246 394131134740 524812740143 876030200026 972723666333 570845402648 63939220526 
14
605990978434 148556361706 81551672296 97253881992 948750390009 658927391333 613229860879 526235335770 732648219342 918139406598 10348144852 891176812194 600654830984 990660439893 
19
996971320273 21235763096 180016125309 149577170250 21916462080 823487917130 343984569650 522213471105 264781108459 887492232241 25716909240 246281082466 985245203339 76924344968 685186932988 636936524053 824382486289 345952596601 170201414473 
44
892639147924 855926430695 471504654555 436585640640 820139899609 268613830597 885659816672 942822048540 763504664658 483320701071 450854241534 134720141406 791585726300 392946990791 836062613670 909218544787 905992540425 2075182712 937354510748 515022800361 631805037426 351964404807 632480772083 175372465553 229142115310 522559995217 429908415105 562757446475 477002810651 598436649001 743290205315 150325439603 724014386105 921400823657 678622931725 851242241028 130230878501 114713844542 259697401070 216764770750 875600343914 324452837540 172785673457 187201301104 
23
273859568863 75411030682 243982673564 952035631339 892121984614 634157574272 713645677130 134723084098 437860195963 712121976724 837699006706 788484139946 201216719452 902120094128 715141920671 947887203013 303384986698 971052333949 799302533608 282877355193 880221737598 634910632780 650084202066 
9
955432415160 556400115356 965069390245 203270477119 76944044231 526900391657 821111340554 991621701646 361317485964 
13
554979595133 2306799164 74999652376 112412589662 341440199453 369844001493 875796003377 138736392398 167352654661 338290422886 737425064924 755202718010 827557712306 
12
701504778520 586024539931 373574384085 866230425755 324494440296 85193777182 723045574737 96011247368 935490686283 182862567690 174123039766 82817693145 
25
808847806987 616311680457 711805132115 612581696366 745520716679 593556028633 967487915254 712147654494 787511386466 401913324147 486251353490 220012285036 610109788924 340376239554 709873603703 774194939292 928088813291 889618902153 877019987918 251295654039 67469609147 343442941823 533034771076 945028689742 329989581931 

