33
25
246380106932 705342317743 739475962920 758761905996 531518300916 619056641061 14690502324 637853996115 633153704380 546842976429 988778601702 792093706285 315910339302 244655106075 620239456197 657510231143 852421925141 348311429804 825333507292 335282704101 287272886197 53959950161 447997280196 109073798314 43422277143 
3
361854684661 384268146307 917574068715 
27
12578426176 107853274409 473197034976 693992616088 798702097342 953329731346 142046051761 609601188158 776763009321 904503968830 811074204469 581443228906 32039701925 831338190469 509100449062 461366526200 997871586068 405349216552 970728559286 167818425660 407299140841 246568730390 747032313508 381425940972 917966168331 177372299011 274177866586 
2
891188899118 277672251421 
15
422316970123 226942482597 975190397196 528844920593 956765394808 691717786400 243213148390 226208722895 443437551870 1423426931 365968327453 572339224022 626491136911 220923410865 955139548146 
27
135949585102 903110332526 287300269328 863783653942 953237397134 459094953320 568920472950 401361119913 417709653822 203446821580 809620084642 873565908272 36912919323 423462344545 970464397342 763565250309 616064651635 35380472197 860637557982 101911929996 178529703271 447611048955 441465668416 511787841999 360541781727 777986306216 402828525022 
12
724970038525 308497770105 789780904069 876269951582 93382217248 827009907683 359033552310 457089292299 143044542243 474621464985 596777574183 361494869998 
45
212636032608 301193785704 896277173244 545801613246 725544937255 372526317517 684870969222 516821797376 13468498443 346256446288 555572887200 378006978023 916146594161 468402035155 405922998576 329809925306 509907289932 51374754082 526444760316 414783526505 568305706287 127267121656 530664865310 931133373213 906793663181 881723919821 225441598780 724753078816 678527807050 134419259251 445745023871 396946081427 146032048344 507678102916 419448303924 326537226846 280527787161 962748487677 823747513531 470018310536 109195139107 869788069412 330135899864 987750045395 942760916275 
7
949621984668 34373215138 629784131594 41945723827 989212757003 503840312533 707319296502 
44
274114349031 470247621064 216081744320 497771144470 934712868406 327710577112 876523881467 429798142900 525091640414 255633121531 282600212959 275503606135 778938602107 826787071808 156314689317 918503743021 196274947518 491060781421 333019240054 514011879141 155751287986 198850985799 999668829658 19128200676 506700387311 777747073522 779177400339 113250549403 676905191530 198020965909 545074301513 782832368167 6711107582 797337755748 618901180168 827491990961 2478397923 446849322900 133231080122 170925188335 358697361995 285916515464 180625645829 403729396771 
30
911350208892 791569070012 818082102349 723407209633 854367031668 825320414352 175331517509 626604158145 565362059819 874042018640 895401039197 904984738676 718696731145 750535502641 740043437097 9815922215 514353573044 618127486034 623470140882 953336644770 975770061099 19096891187 902721425317 828617299899 761331480791 909299440271 384466276945 686572107637 300945093276 913053377926 
5
652595729920 273206544642 245501953196 98525009292 908154143812 
12
667638714793 460438372481 173928598430 79449126217 615873760806 439942406402 53380869894 725936693199 276691472627 133444831300 678420279856 838699047587 
3
686012113318 778531305552 576374672324 
26
482929573975 304862425417 267171842908 187211250013 604133745851 252381327910 99617373798 558609553604 504589007938 513661733803 279291445435 763739202309 861693479822 951659473338 718096948150 783306169183 119962499372 419644565292 16223187462 657976630315 97627005893 543761283981 395542088383 916728764255 125806171619 27610116349 
45
811716014718 849604830925 615307493519 523888840879 439273914037 519566051475 248467953019 126297246586 697875880132 842007193231 49140083950 866134632977 339820233452 225905129013 217967237950 239290168076 800099021478 418633183567 37253258588 685159484105 72858017620 647729210744 330445156883 262882192394 63478253226 80724271998 912041580778 193385262874 205090803926 653521059891 434415206733 157938709108 173158639374 158501439351 550692550377 909906616884 123955749834 42589901551 301892130598 86619981110 873798511284 18169042439 476045949170 548106901029 498263736868 
36
614351842500 50188587828 130123010031 159554966430 491389864031 378756398679 422003987434 806663982067 4086892144 415563029235 77092234043 157919311394 881785030449 60260893758 912426893385 570860076406 267270373618 196268364929 980135743624 824981437421 707205598374 97830999261 570895434464 354745902876 462697670903 563104762840 958082553800 827407435178 101135599407 383586069754 785342953291 843485395482 457312867265 544558345896 464466330692 261482016116 
32
359334624548 557031553608 855984665472 946827708818 553008197267 261376780029 638606623202 350806463926 740968716378 231653143229 592968228733 957205398006 605113887423 729806790256 793935080841 605234442209 254965420387 349736966105 253250255135 117402882441 765658319810 328198705523 886596898492 103240501548 40670762675 941051590912 850601383320 770907172024 64366046129 979849312285 457693186694 588324738192 
46
315021157367 961541782654 108842802068 166651158916 280022968055 113171152267 196227308618 35293677857 723658825295 390527580140 150336379010 356322657631 896933348091 863642754498 26534203772 614896807576 15507363757 330956614625 61699390480 95283426099 101074436050 764778743778 681319198067 942753024966 638216296473 567437432198 164271499467 494076291495 413898358094 77630724011 272884829208 118591515471 387292072218 512163348853 818957049596 157014711423 778086727199 890861391334 888564143944 532786114711 137855713961 546345043060 58276023020 52348462631 863007696622 674371100753 
30
819397904020 108018733928 526111558009 39303945605 586870836133 124701329840 332328863904 33707722161 75003835009 829491964490 129265452583 664046865651 201060627099 814856589548 936202587905 772199853881 923218548875 989024541993 934913799517 813327178414 164277286517 114242842600 995822558524 415933618466 282790481004 587768440787 712645811157 274342431220 841017683970 768333475303 
28
178346883767 581932766414 908411030036 635468343712 804723452834 587128151970 75881694796 116722812890 318936438039 681169025220 462817370159 224478733267 565229846286 411790868218 761381396277 901075731210 843789680714 158467533543 548931522063 606583909918 217749588313 135859465169 575134304158 64372955715 281731996340 660701983392 32846777706 458372180385 
48
72847236369 584514814285 491319145554 898290770936 49471388729 570124798871 809548132792 146862167514 938671191222 843728770513 775925014037 648847989765 781568425533 716218089763 826440084452 997306304372 318246309719 728098422380 595679208789 335191769213 361746146509 356735797106 379787309234 153948177509 967259845198 362001163709 565859068807 236153727277 957247929035 316962508452 588740241270 63857146989 523069724472 88632860318 412007387811 500238826237 945835117026 220760806848 741590901916 766495175854 858091029438 300232267759 44823793365 567008315600 325076161355 328141540167 280292048785 78852036761 
40
512924596773 85497201362 816838661963 736495645384 481554150724 501308206583 295448677561 904992701509 647812423269 919494844346 193896274448 368042457262 994371585826 647638484244 476800038328 33839538867 233212064819 214190463074 789715667395 412034702932 437132243669 845513358306 169223451398 211909923991 848245329325 766418495134 682999197642 499736636489 482789870923 367917164322 428703506436 786300738928 329594077240 621967918876 836138589362 355144747181 344213336541 668874108297 443451142355 131223412974 
18
550734763814 878999651273 28252950251 187797978878 662879901379 201900735691 8886416468 460360020329 28574209350 900340218014 338567553492 112316809761 134130758533 717847080214 187968538776 489186121106 267171672879 528757616586 
3
476683625802 762973352754 323894158825 
30
678143836380 611600507829 171897484197 616390321986 133331567660 962258118364 305793939579 93134052748 712042149853 943261311152 192545955284 343987296624 808662451525 367419419369 312917416567 56342919000 254914515706 454308037312 404430119124 616993056668 948740376447 437920892345 431053152469 479674170367 140444174442 772329276507 209555236614 883551254986 50567658300 52340313260 
42
75175896299 155874192280 490384898075 15152541851 125430953571 270872308892 659853881789 415500019504 733765570791 741811398095 381628162335 176608465945 106529520692 971443981713 601473140445 469110023001 863669985395 869958808743 197344865839 429341228550 460215295401 165044880197 300372960508 16681619531 903113169406 248955248526 780135616744 164961359676 382540294527 878000401154 162313517482 406771350351 11365043753 533348911713 122624036191 565233412577 281441233473 524877436165 449137277086 17083822070 671237310700 279659102493 
14
764771901723 767560801752 600534065779 576760733199 59941866021 41045530512 818235888078 160300130625 586551495292 6743954668 70879527331 249834434199 810926504519 704816854204 
3
142025064310 136166763040 481033332904 
39
936423696838 175834000968 180695431871 440007031415 431151667374 888643089929 496284525092 712294823693 793730391185 723585621459 650495285417 511328426017 890197595780 59793048905 419940276389 636407887239 25083269981 259441576866 149481575256 787576481332 881113868228 144205334311 993402954444 968265280011 792473118499 118125464451 62559780758 450254762933 408624938315 656403114575 56186703035 849610924592 160657829999 602033981713 605738523860 559635121363 446322414973 457720468344 986678401779 
30
999465385806 996066745767 637389756459 617908181937 736102344083 458169570884 643169728249 48811116811 907115383949 373509378909 820388815867 180267205237 155871129820 563188068617 157850947276 495565876271 473264568422 942029968570 554540240399 895970266074 984101882638 112498260577 596730714450 766123310979 265239317314 972636174120 995752193125 405412644477 446595992752 404347765860 
12
982611266683 738002703236 65513769328 765858317215 282697388572 531955167691 103457601527 796913218033 926437013141 19279903479 676463525024 263944950837 
27
883069617481 853639922716 653936375202 634462956196 319789577368 52808553567 789124929865 998563746321 890177974460 136406285843 877253879271 812819918686 893037397355 221425132974 984266282513 16847238165 779511255355 420491760486 309581954339 82740593473 440403451690 387027531005 374109883752 774282237764 207919381953 988108398506 979796187642 

