65
13
147650221120 502848845977 582439825753 418090710714 237551084852 769627642662 468731036429 154263639125 894175454556 61906947356 445974006781 129129557835 20741545626 
16
350291780240 86770438092 550612377748 158828066058 827028324165 992226294725 126365533923 518216334870 253721334495 522168412765 906829293392 529234248725 260753331951 433156343353 27166198852 332633450570 
3
818936008960 833722131656 192057764151 
34
454976526999 566665954077 41599589604 731189813824 802692673072 638974512561 109881156788 36464771425 599520822386 601018257048 470780236236 93512806428 867395620824 482001639310 725349339504 892626872696 389248478395 607084445286 455233490627 148558383475 395770420917 153070317937 272364526764 584531568272 220753663154 492263824380 385935397728 370336712078 53772477255 490884208557 393042745682 239690661697 187867020909 222480658045 
11
704759793134 961916551173 378045811311 692168913322 604105459753 232111020558 77033309941 25516121508 678029822561 178747292484 945328936074 
36
260610657786 799962358986 998606807755 712216356439 117612395800 89021658869 109586001541 329294333901 668640520702 123250739353 490787019967 33069557952 414019322666 353992098434 86338606427 200285768032 984752228239 641738119545 229875913031 683941998691 540911204840 787734730610 495321891893 439373845302 148642341262 98580445524 830232088424 319810374445 382836733663 63226232147 992445984506 383054668703 918647273764 963351259222 410271632306 925568609033 
21
993778193349 943185843233 367687073849 727972140684 89013771702 429371926460 218907151826 131743864191 411049010224 941482768612 484478056673 89571870204 292590742643 921981345520 902453355074 114397858754 249556124693 328077310809 504511345710 134863732876 175533075367 
3
902715823512 425164978374 901737484745 
21
887544086059 651088065587 58340381046 763499141272 935175072643 214332068153 710766942670 947115314858 774825885023 79961211872 7152414003 829009953960 283170480924 727270157488 356803098715 921512462951 979811357394 526523814702 94108982493 198470821915 470080026618 
42
51179452640 41320635733 896636426364 172518806863 874796863019 681576513938 242885437534 50167046297 222179719983 84408094369 386569966748 855149297 585458017131 201721283472 742275237348 841794823461 463152119326 253555231558 357503008363 484313309312 151349695960 417730898094 800250222630 776176201095 459484665121 610790599133 563530931552 581728404197 439857041381 261717390536 34293777472 986283312124 336637549021 699227872909 474162028996 771125689634 57023114996 414108823491 983428721167 894341498861 191530305783 254131782909 
6
890230211910 179363430300 33970108233 489198222226 725842149761 504793984875 
19
220853192658 547412883305 842870829982 407539639149 685155087022 144498850821 69757412051 214328023246 519809763420 485880347808 429191580409 33837954712 926978434224 114096967361 958492335775 192055771030 36025823139 705209144332 514051632988 
3
616574147821 941521320813 558745147910 
5
645859244940 7366900773 806925399502 760184846795 725365338287 
19
162991178549 80467431517 994956564325 261329076686 357634925623 185226413953 433942400378 573335116992 935408606778 398396284265 514600337257 908615679857 739391290690 196834039387 433032414674 901052434645 515648378534 739817633112 729642864833 
37
843610167190 372514547409 857818896636 178767239129 864777085643 444883656634 738369695944 420940678717 106065183877 969162083985 716671337758 3611040594 6138591499 804110275472 20186803413 93642650773 371828062236 529016714236 756983272484 770061693542 996631080954 779100915945 145046098247 865061952507 504461106593 714449169952 274223005268 711420090085 403378953698 351154944369 114411530414 991458099869 995572871779 405015611715 62411885915 711967014698 167515784365 
3
453812632977 449842656925 351787202471 
11
709590427180 343213991633 721167213549 171800566249 158990656585 416717051770 978217705486 3611323444 220330330968 610881406824 185073876341 
47
262077022053 697724559547 683500506787 774329672936 66540066558 787213304787 713651697196 108310997944 555008804786 105077257320 152297887574 90035515409 650250966552 248750859181 974782459845 918621071026 803446784866 358179751941 365775717957 508498659866 521646830303 481106041704 480045734878 246638971002 818283165293 651072103528 519536911035 418888218776 267211195759 181872460797 408645928488 215734653267 573763063757 913726769967 19669991930 198651899457 683280513471 641465151856 850745025240 710591985460 476305517550 192166859134 276905067191 455512749671 867990524043 294462776826 334043380955 
2
662238100720 445076233447 
40
461997328152 251522059534 451393133645 982201252049 283082358984 874181282112 644080083206 388168525641 755975092596 146071877273 519415332646 596869304924 931644626295 128538779811 567610579271 992740242848 689988491387 61791770661 986577698632 450668792340 925381962635 124944004799 644563107644 260423935538 72558639320 79430852664 333011513027 548766282620 173388985819 537107856335 645146456595 915278078768 79675660899 215972111537 536821075889 398051799367 57352513566 966255926801 896147236222 83534463115 
34
769434067355 299141413143 522243998009 20375218810 702578383594 51887354316 561750413920 528306782923 368542622473 693727791472 258568791265 97233088579 272280390851 860982813584 958369075648 42283537302 72669062451 923252570785 290332470822 854598166828 95962631443 639671676096 80954917088 645696425563 573633872355 754315528169 471931233045 708936654059 862240976262 251979042681 48427493928 210016974294 965154786979 685644373578 
28
296661318527 645726130510 643383889793 974708021187 218543203725 187760015100 471071527484 603095196708 628559432759 730008086487 224050767344 824920955997 961290736626 239539634998 11427133820 220031973154 155423771594 752181731834 949055368218 433679009502 398981291519 402518115331 732953463452 327903682126 434494880313 718779988103 339793282432 709764043239 
2
737104305429 888730631729 
27
947351937391 809276578195 1053218769 969243543291 226490441110 442332800848 41050008399 986056972803 669920212926 988723275690 181294254626 47194688418 813768835860 868701680312 728878459466 618038896828 939848341973 882643135353 151471287828 758394200934 301868014069 753413988276 469368554242 259834926334 965559658249 715521850428 996566452885 
5
473431310520 554021992678 125198558771 846999434442 328819959475 
36
489618985766 76798638483 735822615333 684591898761 697506417396 171766199872 460566156217 571263745150 77411063900 217143604655 620436501522 38899302820 192931884250 938188580681 513199553723 252277668744 750183983956 159621203239 531076325727 524413039593 752890747984 942521605655 477083443497 551322336217 581430351015 528082826297 418789735566 955307801963 389679250078 677973407257 108063428238 702659091095 528168427656 139228994647 442593870109 920294619227 
2
68983248331 694361611189 
12
459994796330 944254609386 860087015543 982681894098 359876351065 463978327522 751078440055 20743522309 376511534801 896919984192 338453617964 986264167486 
46
792170433279 27215165682 674442291102 309543572521 615993698307 269791321318 751361764262 995577895470 160013590820 940601265522 431574614681 167650470518 492273534319 697359728343 877817751693 497620348342 512042160676 234125254768 267097962054 223876512348 461725113785 991860801234 220162517057 286318727649 98871428182 300868875753 661592669106 563033312626 760642923723 183415285917 773171074897 946184282523 628008943889 109746489557 726458847643 726460284903 8358076707 537119836970 765204751328 735582312144 923518362419 980283361026 720614209210 578971883827 74766611589 163163680949 
30
262073221975 550583542444 543679620519 217764529289 153615763973 80203875051 22589862800 975913263866 582735342742 392268440712 271236097408 632580361915 653407086784 106286379590 828826170568 716035579894 358243951081 970823531240 250642445728 70096850515 897760689565 118640587397 716927156489 258062891713 966291677338 334213621924 879942550647 486555114789 820177558162 61596935599 
50
365315045794 520301865783 452468932742 816467658740 854889826998 500061827045 146780010044 745878681090 443900440122 974637144636 869091546201 626181723787 851134473893 597309138034 633475555826 593292556419 919018573757 322948426366 672642205447 290889546061 117880507951 806103875313 697622941010 908495375955 403174796007 661154135380 115456495077 217385899611 995083727581 104149088270 196990060206 708500601751 239804811782 584806228498 764922834292 576309896473 136604700683 193790773130 659023302734 469019225046 62359203584 76544384520 646277567714 609252490693 665376918523 138721205989 541786832316 485523952463 863002992162 840001901682 
17
808962568423 818156144294 186387864001 374421568818 759095056049 321898776456 462995560645 793360158414 479921765574 3434444851 327899545673 905789009818 318345218279 318359412221 927799474222 250598467716 692596884357 
40
245123518059 795421317544 797799585346 427186062104 820003103634 225046708846 652813363356 846615301335 585217790291 596897176307 787647763888 306699489712 629640287197 30769227423 773595800889 801643656683 995156863080 347117197585 792358775217 478248136846 117575276573 226376229898 606894521084 810916280941 385828568977 861930324967 257187331941 145229909642 634610301672 936285416824 733308465565 135075028857 478186999103 313323366602 790081037014 551509887230 313586695757 568778984961 31733161581 75333164111 
13
414448398493 162624180426 815552617650 824986865003 773735643418 404177622810 954227455350 905952650240 950035033510 541471932150 86013027865 396690769279 469472406370 
31
382304544312 667009928232 135792439487 595011831148 79362460915 232657806706 532283129644 818813410173 266130508265 806771782412 768866897155 545799739171 783488114346 308317678795 947796196304 508304967999 552484896954 158490888949 501643980640 832395992355 805244285838 999452521442 885149186718 80976040994 937764943418 749505650372 132051724894 667504894863 865745490719 872751620072 737335561365 
28
213611586257 567507669973 287547779852 499921581310 331910708802 163272034507 804893492009 189175610144 139054772298 399963165631 7075462006 184184781709 115098539355 811592196379 862805367736 541342810382 866153597310 256419880200 560644540938 169616830524 175997645783 689440428909 334556290695 202003421807 604248406606 45084620150 731662338563 378748448911 
13
567494163088 442200098093 465422611736 568590316095 741717857214 192539078330 14328429347 346156142686 764858759957 980528665145 36359781078 271110879248 183265645421 
13
132017560016 4504062987 957902512912 518629111902 213676799037 695367820188 821500804212 955226143885 762223542460 197129402785 700049614450 259636623436 317908840010 
22
955999983005 263274477636 874913572716 88189164671 910301882727 635770542072 762483524527 54502859714 162454596115 35841919600 169190711621 299784426358 434058498631 344483948940 41781064153 499011457811 250630441251 948385826555 377167191951 558114121316 771018544856 359015834450 
50
247056901723 905285522848 974929640233 270487054158 621054069361 462114296680 450911133136 945970974632 295206037936 131561573700 310656813138 807898204426 475928206430 968711243531 960017485200 890183038498 518607132168 14450705500 269163571914 742251228382 535681258176 606679891552 887760054606 455731856234 475385137615 219533508966 331103771413 162864905969 95323736195 857704284080 906084758600 37460881344 948881075888 644959693815 447390419151 197136714457 942825967736 945101732865 818560627302 897042467285 313443149506 68151619061 318768043328 966951316787 737237398765 54142823525 790106806423 921464353237 88493201991 696987260071 
12
596258586082 592423513195 676372702966 709649706911 24125778980 49192387853 409584427641 878162317398 84920254516 364900699169 607242243325 681025012885 
8
818989916222 317579992283 716350843322 80426260345 882949655403 132112569181 985542132574 391630572935 
50
566534888312 431692849025 536766554451 380141459297 241738796543 286723085282 965023780550 67896749530 825092050418 863080987028 923913151336 568162779774 172666525775 813621976573 359292341408 153747995306 86351064469 783512073478 870907987666 167034786545 310591469278 784472021109 258110390128 396844859075 85086415773 610882008511 6248720785 283087894181 895508816456 885673214724 488330117029 906564452687 321329680141 271011247181 613489122659 284368828778 741661063189 363794324923 779188909990 248405755720 695948640550 560330047722 4084527706 876392809551 205299324037 100881627143 508507089261 826132045237 330122544720 795676356847 
35
441055054133 220599456697 450266209547 838772023532 306420160714 392592212401 175048501615 353138449258 739800643812 224937815291 522105413883 13193442351 253733354888 975301908575 103464328173 783281098295 136466332908 866129921182 470334846568 392136756366 218256871427 744354234715 471432931681 949449922112 548641315128 964113489640 223835291038 441746364945 675076331995 330387083494 345747169648 167393804667 993814292852 988322464504 855110660543 
28
205506337019 493682003307 639834808826 598832932586 223273518259 322914482727 418390487482 792359230886 689715651414 130592696648 230009249316 254681112033 717504672979 72146858603 675962261435 457411799581 316086848604 206719189893 45888392095 631787849248 369660098472 245421113436 811469598969 893837482873 136855931717 980761309565 787322928753 612327874891 
43
448984254073 3135241977 393014230186 871706876168 387697143520 369953924427 629153834848 809078550325 287362578431 484369761122 566561068295 101516573638 280364258156 452734960103 318447693418 791283915718 593017418028 914839559552 665763106863 389039983624 747296803735 790011231050 245611756378 657520331065 521053209866 892396557125 478758605885 298322717214 611593015508 958537327255 56192518596 788420405491 712959051778 96992289920 103963218697 492804054555 719418917616 309991870778 295331159537 64088148010 382133128957 118984313959 675715038469 
13
571172550446 438726546196 938977653408 119677267315 712573641558 552881761644 833775802004 661401034210 704109941376 393500270025 695151517164 596524349103 887091260950 
21
28271376533 743038890995 134580800463 436748128380 25268994270 222409562191 307450700626 101039338988 939526348259 825200127834 211317742378 844145811957 314956245215 753875989592 584261924504 13943367897 504433799418 28107639370 548620158777 848857373333 569882211542 
12
758534740814 210344835805 759156010346 131315669024 643209034750 313944635307 820762274021 147461899989 868412367075 89667362028 772224336387 482952049276 
4
855988759132 356060646155 859882403300 497775435522 
18
111818450577 709708495203 813564411177 730067756779 789729973804 838145837818 636400288589 729373931335 85323798830 37107282528 335541374131 597542309444 722105635855 477667027798 280388387332 13176139043 469383418642 461789059321 
34
593558139336 985782454779 832722351115 144584779486 4167962199 328436877434 732927842079 713142998514 936817249183 119761369877 163929881482 524151467182 384392685468 116454048383 371826522890 776810125314 412076908702 435041769191 66902865337 679601807212 455373235418 383353900223 996579522892 663655684047 783337929466 209864297599 238340613766 231192692088 313515938701 881754506619 324242693462 508699009500 118796970078 214214623474 
26
159245555379 984214900410 230221709964 638934156120 389331938599 855015193289 518746898490 557314032109 350439485061 529426462518 235460530189 413442295811 705252340519 227613621145 898751972520 173702963298 651618359369 286580266506 614984325182 98533011787 691085487945 525499094724 977676258572 868277001092 722392274761 948450089616 
13
417958262927 188899863346 186999409579 764310911413 375612663134 996608861978 537906586471 238364376698 669928683428 448714769826 12425768652 106425805803 528214320918 
42
813953194386 765446479088 111416975270 270384297277 443139990020 428323722713 605281520679 230142651412 940807089343 646955641779 766411450278 363777632683 812896809118 994996238120 186703837957 286090625656 123873184277 126410375643 34151867274 929029763552 298853317928 529685668839 786596862368 784108790935 409943704670 187569249722 126265118213 470202297914 316704520880 103648858895 726132089909 125843793889 573168396126 295654327463 854267657750 826194395791 727145283539 83981764482 887650876964 130776024749 991935834087 718774791522 
48
915182540080 931204861605 375631286254 659111492309 545803597072 807924898601 905533847990 790143963192 699193727105 622706409733 759820646762 948941468435 693920712361 778751713814 268868354919 795463937882 385883253758 854399220665 816945294101 962740749765 300356376124 338328180927 618804975598 508678039351 634546885832 153793204435 602111691366 872618822405 366010374183 12155562851 997097633702 668069227763 824699691538 651339008247 125300930660 745341851802 481873814693 185375051835 50358621819 295744174371 776676045152 147502522893 838037173759 498450403914 966970735294 564461358803 740961977010 559530698651 
8
618533877647 625715350444 366242035377 146995463281 268535350533 217417766256 953259297444 156065563826 
46
902439652514 715979181638 979735640332 744199821183 435695551435 194783052530 68190521443 161311041545 33119738282 113002966666 107903802496 190380483189 615281645239 9372192027 171075894293 24636509582 254728061392 464268613262 317818620085 63211207928 754115835068 414147485511 36280948887 645496680814 539707959719 714754777478 389396761823 25519322679 786329731354 922383213029 805275965676 256210584774 66425748374 389759504431 551732779340 21403456708 25788001237 900143182546 801567513356 754648168991 339967776880 526123994496 81024991736 749100615579 462874555823 615019460678 
24
796530088902 65911729576 234586826038 449812324777 653736773156 796098725341 90149839547 995985439789 160635917961 457723707578 627800110734 418122886140 296885058870 177822367544 860850705076 793515406012 236816771209 36150413795 491607735945 228451105307 567362720662 895440942497 905127095729 133115019389 
27
287701596280 19679894210 303716760870 981381854598 940392075489 202629143704 473981004762 201226448439 60904403282 699329263998 649331836234 495044012677 308631271630 713692233114 575097170671 782848677865 186766409297 472868762685 984285765192 450112974659 121587433728 6465697008 429278800429 665576700019 543774005640 482800765116 762528215230 
32
495201868866 623699331353 693580782273 9189755675 794080144659 303922384587 539350931571 896259959988 939660068058 109041636050 724170473020 690042871804 52936375708 271232908185 968171479651 892328477918 887172960385 904951055927 926044989449 119495098815 735246431872 865949398911 327890548732 455611040544 640475167147 221960252024 771717186867 484639384531 27687001922 432684285922 67689813907 38342507937 
38
821073182670 380231159067 919577837758 270509427926 423443270586 196219004648 931322998897 339648646732 456935941017 562166328764 900883233885 763606111577 879496369064 660746512541 312610883711 686827155691 732504487931 199215701719 493113360810 677176464747 79485990441 215038711708 7712668663 19333201530 909434396904 503871301751 169673994331 437928611076 364282391881 253911038485 66642136011 699912452686 831502220136 464167138965 391696182831 163054088289 405240410721 713983006954 
14
189021172288 6005009977 820769913893 636822599766 781793268946 766930078155 46633253895 281357695788 106629656809 846624543621 108438107637 337425702870 777057388360 302074406416 
42
383170908449 171108396674 591490784082 496645343161 244298364332 253449270322 609770966181 513330153561 679653641987 765505537646 883260046159 338119543286 902868929868 892472472160 647069321938 579659779034 416471867603 580358001279 33976741054 317046393408 632710482101 122874775182 9132840661 64673751659 382731843868 167538260723 693546587254 628618587030 155766188002 794020247080 6134344628 18504407055 310012546630 716536330077 548725704581 461521819304 863814930 577420342805 275556305846 155637721189 743846183214 372869432601 

