24
7
206023641878 624842487495 738478039911 20923988388 573860841200 329684279581 976126572387 
29
838211683946 569989193626 557134500442 422240791709 12584802998 386698814672 611709124669 68867527145 301519433246 641612312362 636795690513 707597734648 586421393629 515313830691 249382472511 622621364673 366689895415 442351248158 314406993841 304150746254 908100766944 652647300932 511155644512 974592507833 466255812079 312026379824 432205401170 992884419956 724298098861 
30
356937512356 549252747043 974905913142 862813399006 275705316906 654395426519 980433310462 560236134538 706041420199 62258448664 302249732637 548565324018 249806597164 54061844604 489896292022 396642291474 97767812237 433342859093 589159317064 694263101263 393308356038 837196239703 101284430685 406683220011 40136012928 237806566184 202148984376 536657079247 941473045902 346615877421 
21
330492510867 882624191389 877349874787 481046920 115208649487 451453308313 836413971484 538639973114 374301541063 396630425034 861401166874 113314445348 406886227512 450808910298 377685247364 461428077702 440168186431 407316384006 967585877349 299570239064 200081412188 
14
603563361350 445613720586 286002000474 455110563003 239082431328 648984652271 381304202277 649224978370 8074324677 353169809439 700440193338 136134939831 605432320262 790623726444 
15
494319866566 880949976217 122252332789 965527565457 47205819563 232621652781 671153726579 754187704263 713062356296 69237731281 557467542473 649258793408 855571175892 658238319910 339267239615 
24
512011693438 638743147764 213188573631 516407163382 26516273563 290520698675 16928275015 602351375019 218016587713 920812281601 694836665911 711169407481 108764281474 552790040959 374142352519 939270107607 899393822157 914452955110 82099018808 327116536736 431530773162 523082026181 945768105709 532156097551 
40
921791132927 108953632676 994923746620 278272949587 101711713685 476751016895 175651372527 862128684366 433977793605 691842439539 516812484666 742075732367 745038016255 616621234222 447255075322 238070066851 949349311479 615076924820 440359432380 168659567982 31360038002 28937433230 599746136345 725546306423 213702602930 292478300029 97985227446 515584403669 236218099381 515839816191 352659280662 916911511806 553903309060 640077790886 557170372801 593478237821 334356579152 76661957463 660581328711 418229095111 
14
441717333669 914381774706 405465050674 755847543044 834194125386 369727917730 456973782582 961828597289 945595665164 418722931439 444565373111 222519369494 7152351635 963851713407 
28
348210789627 553541098295 345664827835 677403117077 868902865220 367798274055 24835522263 548382931903 865137650272 197836576172 528749465086 966792153612 121441463874 887020270098 353810461344 914492403120 297055033058 409316180057 322880359472 270334592184 63303483504 258072079417 66936766645 800721244610 134406359179 448741142145 562701554695 424449659993 
11
812208053965 887462059093 621840486952 904478085055 766716776134 919975685707 230983933848 525172367522 22269258157 885231566601 839559742967 
12
295171847145 650913800360 332371034546 835007846877 545796843628 110953784579 966514794580 472283675320 426306312513 212537625204 194752926324 397675405493 
17
541408026525 783122663946 488265867778 643287489942 643070446143 890246809302 880563168667 858056705197 719043558658 447711102968 57775017856 437511709807 98787918292 285671229777 934374587955 834019180691 720829396576 
43
255963932861 240598188000 787023866672 317398611029 378341809702 218721847800 606174603284 607690146618 250948153765 974901810858 84897977353 28386112701 442451075951 463759014008 735251931941 874348712859 736576000794 742499268929 86282154314 818056239370 140877704416 271398306587 473630513880 971553581853 946383499889 498947379390 988590056655 826643790363 342310751133 627436881967 11574371550 77016711095 495503001834 403092860320 555358208487 73822621632 803627549845 705803600861 827058026470 290795147501 676863221201 955566688031 615928875219 
25
31628978737 501735073804 782691543582 705322770028 785608547166 395438914259 980052652930 610016759384 583780317151 474246167442 831595958214 481836945065 564318076977 333567091836 594696552316 63881600194 328686889722 746912674301 262431902936 689056096199 915679699112 981669230525 851199985147 558888007248 865184795726 
9
588332619541 123616745651 495982899294 146535494251 84581894036 866777599232 92667867127 906193473285 844616126816 
15
367391561868 878329750247 278543862115 507632739029 675823635207 353414964002 214481751972 624852092462 214435969883 597793787322 596147323620 978353820805 365271283619 159045430671 384259397208 
3
726697252685 481819225457 39104157077 
13
261551016834 602639630666 26620557102 178874116615 309889118651 835998383153 770629132858 722191218517 394812632910 261508207272 331078648060 954575461446 3699872762 
5
803266664176 412097371202 479177556694 536402862718 103423240328 
36
294972943931 338904226014 97695120752 655566691800 817048662079 807391639874 914175553049 672468218419 934116740629 896585699558 979890498985 876578163470 872781992396 6582516685 278888987968 131375362040 908321947116 394285420447 234919976243 587837043926 578162724957 120097516369 540037460854 99287444430 697242987923 83783237154 255126436080 573223520596 535362320856 391352119560 223772872379 692109531905 789409643589 498253732895 742277111613 281457140102 
2
391396938122 569012316107 
34
933488089189 964376935078 18258873542 416875421337 718700171749 265746806105 630301069687 151247943258 274175875966 659458944822 382603914593 206112343389 591074390267 978148802445 215250254598 205405711576 918121965407 892966819454 414694922451 568037458012 622980044326 605457737541 429510500900 889568865233 417484221675 578553936957 938922779667 716013524344 829356080568 96160550199 452506266480 696609404565 984548420929 333307813471 
44
534299021964 411418140412 626446910057 24459279779 549168875030 580768698094 558256245780 535249274729 663383372061 643878409799 4053981490 617345741192 367053809059 70764389050 804513925863 823333578396 36389554848 975452264350 533146238535 398703745708 554525767176 332928964143 486223964697 476650576297 144648186041 612675394054 221365262089 805553369381 175667800232 384623579314 306614369670 776253083506 677853654534 243388461534 40673075067 391064979299 57924507890 204341155324 606509327125 248283145719 619222218978 363678603883 105712672888 944155004810 

