92
26
373715515505 172552509601 315138814975 84388276046 632001727327 324273580896 862070146998 231720576430 346180713900 165506706327 848776855538 785668746892 813196147018 705382212585 305353213782 648002646401 964554072059 651000616867 781240085597 87418134569 200048688058 777722209906 455742359963 198431694808 960853275616 948431326853 
12
604983525162 348034352337 470822675942 767302726367 343126639090 273614653226 247637908448 284069139324 343255572351 917049912921 740518379509 673140033961 
38
593757564434 601061839328 100603364531 740575551468 294221414047 866566487623 136477675234 190430956743 810643199986 619821595767 357888260772 297305413218 71154356682 670838247647 607760992153 377534343101 728236557988 288542566924 287306654888 352419068190 617041205506 653327651955 161678978582 81908188859 40614768698 778675192140 458532611651 985293875850 979839136850 219249022830 920980943729 806458337945 982160712049 690084469903 580586096821 852635114038 247806475223 811355815504 
49
435852846491 148243488350 106308612546 597861579184 623950022491 490026866145 160267959663 711983844393 196327347274 592273927357 353312465557 311584269039 373571153899 635691110419 384166698279 651241789617 16809899401 674657245993 284030492332 884345969463 70790195442 617621619003 626883586828 955042269805 273700489723 907313578016 923809076919 679128752046 752728922718 988270846389 748814499684 282575240774 133979093243 759672421168 936613273818 427626210715 343798287138 458131258374 478912443129 298780160658 602150759639 562453020984 235554366678 730507751981 867798988582 329629727752 202822611252 687169686313 322019546017 
11
137378572097 119366226723 613801909123 375838404125 344269320406 698662795280 236316738633 726171526874 118293057888 381297236516 916097210346 
42
751937653512 667492304576 439071713257 425905844097 809674730535 948136403796 330664306030 828253257129 611379657130 789489917543 158479590590 721420279047 620297318204 942468072524 750541383078 285908940060 69570403791 886392956924 333634509589 743399930303 415895308 458506633182 651585632589 631653166139 310194752823 477102557516 719627398507 116098314933 754963660833 315048839413 409286860016 623461785336 120386764399 371023142434 616830148489 823110324049 101469723792 640453626818 442666336829 985268695426 626034176057 426132018904 
6
344901896816 523797233517 373724891355 313506291717 695342331077 570589111474 
34
106413558263 178839382280 373591103992 951729919869 263937961735 776194832810 181945770410 647225863391 674287139773 772030733078 334483223651 41199646333 91461800212 806226359216 265399588528 387893998443 887349742119 895930092899 989252351445 885074472667 116368704732 240965502216 251285466253 366733486699 797910904138 129293409108 838178773596 734164307635 477995312362 293642976076 593004791475 556226562203 926491947327 882338310617 
46
927616686904 549171569387 211008073502 374399662262 650354973327 230348779716 932127063687 559447236742 627807726445 285067704717 71022835497 950344917078 576941991414 794515655408 166143464674 12032275520 258987082454 840273264411 711638510747 841073635182 427915913671 687266315295 124400728878 274341775686 792902802492 47518959211 70097016622 932648666810 14416446879 835819541572 215762260166 115903276937 423379269676 470226299097 934286344882 731965096294 568288489419 746745954037 53548753424 260641475615 696887117245 763395826960 413552506081 745456371467 48162738082 359791276986 
43
463084847288 618809516942 525483757115 912252899821 113419906961 467592055529 179755795889 394884267299 670399912585 376640101054 647703286427 93446107910 890509346356 45816427669 895950672094 886029950979 720663245715 692230548765 621737783577 292828026185 279918925049 437288032230 162580372639 44280961154 586363964187 985776712334 148222228128 293932283813 985216002247 700879674867 716473317905 216887261269 844765813563 104465678401 125766202270 894103569142 110936174704 629133120025 483842779901 626733035908 970575565512 324093542764 115798144000 
45
835025219944 464795412897 926383686478 411587554265 81224973560 36305875195 164061554292 735776855474 188554451546 323411632196 603462711105 208500818129 396070971585 335084231174 968217485832 468289633739 802826462806 143988869700 402120132768 63423843206 760171293093 430088045976 337412326312 426495131405 902299458428 591562101409 485490507323 887881054443 861566144031 422289050374 23631013339 39315479201 803203336568 463388559196 749069280774 345455860715 110370050608 906895204848 980229319493 744788694683 224834092017 813927841460 68022382407 240777069644 525265584375 
39
873500953160 378040968333 944252006547 105280091287 628492979783 78351060794 746215031668 113108111605 314777444953 646323375547 280931775236 107093378665 844316295998 148189457382 619681865539 218294764437 962403377799 856151806187 44791619478 684716857308 422904644215 216968840453 893716170003 998318791311 319409170209 541653104585 93542336974 128120213821 775629844108 680048718189 594074432610 879605954762 540068460103 540881796949 511436763910 620817186494 529100922144 289418727619 550748868832 
16
83166723149 277623381662 500958566255 409798773302 718630946559 928852112920 361417217902 215237405762 336473802164 63110356032 483848989825 763970380295 314815335559 611046729194 375652795804 616449324197 
50
190913893966 297445635765 298765732164 648678675681 776814922336 238753241760 458148131791 139027120058 726272271561 178985164706 408117004450 300590817069 258296893128 645385707725 989218443380 382204806507 43225207768 678082528396 951001111008 570544609031 35277306802 543766241524 279879820931 501195336714 333824681047 826483655973 490059726501 971485660004 574696456458 37222448275 154347588437 937557833531 464840117360 269896579563 861755412515 710612322103 380340797827 779609320763 744974107322 144356309919 362641625817 49221933387 758849162507 104249905839 844294060835 182410744032 192324908879 811172655046 198888366379 522654563520 
30
840648442980 21981394230 783937478823 757506778950 727815719118 25650445017 727911597519 707050111987 795086200982 92743274029 966987735386 327627065298 968435249444 296086441455 876249287880 667559550338 886451607037 371424055566 681054250639 778989954724 42083104896 101788181746 278745489768 241517628391 700497707320 639146479028 93578501040 490134820136 256889649227 387829777375 
31
376754468983 149133395981 130955156941 251638425194 190256333155 284984898780 831433537763 975722353135 397155761843 655520904260 572414419258 200056144278 586118713936 299289448676 671687610389 247738700335 181934385494 538377589100 126645581475 140303949121 404817047406 24055657012 921290942078 351563995302 402911659606 609326170605 677129174568 144446343528 70189765221 678165499002 937541053036 
34
366211451369 47947906892 807088758625 612276763000 710990298276 576157545399 576618341291 246643420513 142327198426 866891611196 387163555058 730522748124 139724265700 722343588095 16266884080 860582634713 152983165725 858373631141 252704282663 100871244607 512997544699 25503671144 310842735251 686662559059 132951944778 912218477934 364157549916 186944278213 804917435278 832949909059 863790964332 405512063792 696961198415 709461319591 
45
97710830690 858480068874 463955306695 366787996830 832020422187 10556058682 226668727595 779146812132 653806425051 826653922239 700549414404 936507303638 910226301322 821038220628 732765282215 552278597775 636968076007 754346672868 294688537659 173686886072 650559723117 422952327466 138554475749 759882650383 256368862875 262967233911 182558713767 555888790213 25806170602 22212398989 817101371701 840655052514 802911857378 883734337934 177761584961 346336531673 254674459267 252112751014 846982966712 751062341936 918083521679 835537569219 267311981122 114223362125 634382695890 
48
625563113081 445266317830 622040276788 391514203074 776730804860 589809747397 226701863193 371311808818 855177129628 783152520966 595603846253 705733386205 428578324121 283310833133 674078846252 695855495478 967386327465 128937555700 536704205411 981253324963 635770541379 588590058164 813943550676 396347279927 946369257369 603938259579 598182111360 369481326353 18886124134 177975451156 530729629078 692076569321 855891994717 846931903139 853355923956 350572720893 785764461159 601246860092 21758301482 789411523001 342104460044 458488408858 425314207278 464615725562 212274503775 42547175502 407207175693 595572690290 
29
279038195430 534970530677 914794950545 420156838701 601011646086 474093439478 712168350489 648095922110 962809113897 391761953167 82952860359 785692536213 308601391915 180186410424 373601405486 795971802974 621466762273 578127027563 746595703807 978523835977 124125672809 468325474384 867916290542 72927475514 484857882149 512360431898 811605889282 810125812196 74479027194 
40
594067007443 716244278838 359569393604 971855676684 918614693602 741080212536 150328591919 295738439085 143700836496 555423907623 951240208358 995455149046 709553434461 236479667870 858554526946 905374892371 361302555737 490940462791 625518528028 375538549891 716777477198 880469733519 280760163426 245632228308 203138810277 703877442766 427459631285 754999160217 815532943705 999523724775 403300326498 876260035438 638606817351 492550585812 720722766585 935244926833 239940720460 773140807810 320083290210 4412280983 
36
958337699052 916194931836 320189200903 997861409799 738804558648 960848697013 680342554817 707879137148 954992286 179872064346 734341078968 80814926534 731195870606 560985738224 429290789655 659301769051 617435253631 120146959185 798925167103 792154322920 703152862779 370284655897 112219437130 616080490558 916313798578 291944982372 332458113496 989449472151 705217289368 894015673483 884231993012 631963172475 821159992532 928764112695 46381922545 418603762488 
45
47845867684 750043626791 758099858782 139303890549 5261337708 178056705577 589614720024 287490057245 576532344312 699563009975 515258334532 262121116032 654407245716 352767289109 950305564546 588740424392 355368309452 888618210000 368164596738 725665955416 394494995237 893454678498 102124322246 664098626711 275845374817 813173901260 55132493682 160824171073 750274783649 850282397354 182630585768 660126056664 854164240418 291578223891 229821674271 301070417258 8848691520 8739284830 506014830144 663954650181 757385651096 794198596310 922906135853 341416847799 898097123880 
10
355846653735 76909931150 567689221494 568068843060 728786080801 445354880379 887398221721 348304151701 631867632795 274161782682 
23
685220176592 895230126059 813919420330 384000678658 194486439670 479753880974 773930357752 785898239739 253953961542 323161891214 122226047007 723204231158 634640505101 729958335431 8272695288 938332631188 624603994618 180595328622 359458770468 2160239658 846964356961 443771597762 411357355901 
35
200578498768 703297309466 485788398670 552891423990 38029056359 617245113010 277617257911 21184450910 830267034895 641385235093 234614868036 997197448026 647612509126 955197796101 741000055400 904505786406 259306167416 784769521596 331603358621 609085341380 188229031534 184695193449 624088208470 732330381432 929625129697 505558102466 640880341488 746888004471 161243285480 845908719091 276113875430 57304450642 534404845471 653236071111 101532966184 
24
789280464220 467073933459 233381866416 866383591027 949282725908 739903937019 764910182100 210799417347 429893572952 380259067741 684511101751 348428210199 127422280461 482876582388 187453005430 859847221027 981444812803 783451677924 830663452864 807916454338 57661360431 804419313026 946080330651 856835103363 
22
530149328842 685424464421 641369964491 918403295090 667076611965 543822085949 501360649427 507141155842 69788935954 365631094557 840997240471 687799638090 979002809862 222076876702 553908277374 40624555878 410446006014 524832852120 455864944971 542298566743 174791991040 331050765325 
43
193913384281 503507405025 593418432096 726006563726 338829762618 882644437964 417111895585 872082236797 233168525303 305271565843 443298532196 502261899201 789047610386 841547332529 549261804464 36799421999 351839587152 794276631378 73760113739 91612444502 889364968062 208182272991 585820164768 41688620014 20099407736 973528450021 99006123061 452315676567 355161773038 138218441171 231077336778 142107030266 966970807701 329172452185 413235729522 891822811522 446253400715 109940482948 262684507277 823990200201 456203229742 372614998844 688091831809 
14
341121127344 64462012958 245018044693 573731059953 911613042919 494161116079 282160308428 575879622640 142736641623 57060290237 606635354599 100930948941 868015905530 95760693042 
40
258476874894 361167800777 230090340671 8049635867 464069760493 211481564221 459239801967 840221090325 822454556140 661659184323 486152581219 684457788756 449943062156 260650771160 507158242131 213860913956 144567212710 248967625484 402159822058 596842124253 573327093122 911852852886 425754573140 800417694217 568100094110 31368495755 789340934637 982355365491 707761973235 333919829290 172884716746 293235637855 757927271488 12498457927 650246651155 39194118308 353972754995 255100655869 433712758213 117642827791 
49
544788269846 594800531998 365122181089 398341123891 425205116932 557292289488 736558333333 344308617 516292965208 204770515178 414373098867 84406299805 770661396164 312972307075 220240933878 698626471884 791509805222 261994496893 161612645343 44603874970 606802110560 791836231499 110980164037 893131596238 804545252758 629030339888 783464266681 72631379627 412523625584 502959819790 47481442391 126645836629 301966512605 283311818966 859880488259 13281551640 635779363314 834931861634 995000216588 522197738576 597733782594 856847386713 51892001329 812866203629 556031527300 98286184209 7513349836 884065291889 420866843917 
7
786145004279 571476455084 590427404529 68928053988 391701630366 839191259051 357715446120 
18
316918330538 700555513099 152298724919 497704323458 102783262266 577948154036 927489326885 902311053161 360236403159 862050655057 97419667757 941951629477 507763055034 520752325167 501593955450 521244503351 641458800430 432661024275 
3
209828580585 251922615936 450271638551 
45
38009488712 686681252684 84104876419 232011719805 173557660535 103955810312 702481819942 49942315202 910380269230 172550037798 464417427533 89171419740 611474095198 304416864909 946022690970 937343360167 69479126518 755108289162 973593268271 767988830272 265323878628 703718116115 666599272823 331003627032 866844357554 591411055701 550376902309 4457608254 406814621461 203141023791 912602593486 689919150129 665353083685 857048084349 849537865988 155852712765 453303667053 892286550161 261500287389 131371566171 464618088567 906946395709 618439460694 405846571137 330201262761 
11
831157375836 195140315439 636808883934 464586289028 592408457134 832067582292 457491968351 343301282443 135069582096 412441809900 259064251315 
48
274533086843 403483283113 708231203978 388799592527 472056327225 173504449351 146491533042 224515628902 873727661831 507474003999 964315688612 268584791576 992462675698 901799814931 107040399714 24709331220 345603726761 602907686972 718853230052 185204049722 949283903388 89076899866 865267804386 243546552626 849214746962 146447853214 638538063868 212619369972 940410720800 602616079298 828828062031 672472611454 380214911012 961450711052 13506847282 119244081724 808321661969 396154132462 807127567682 7111031611 81563398333 878309067272 235457334254 481581619126 664379698019 602963496237 397385263208 188210389640 
15
930861098490 982316770657 503054198082 616015824594 741396127960 850718073112 822442170925 30831244730 340549654986 974070771011 125904575612 836967331612 234985072971 923021284899 429457041779 
14
477256010416 227068422658 910069577129 706826615094 137549888380 857966292250 289854638462 688582503187 852818129598 300637809385 134009403242 873793420592 697753363544 956227340598 
20
198646643984 226738681517 46474806615 759604232825 860341108170 182001983788 185423720298 134007431933 865050823940 239369181281 556217061685 331284286648 596968624270 953978814233 813966928758 764776608160 896218523785 461882175301 697554665282 199364523996 
26
20325695870 39202567787 393869463714 950469604694 323261782269 761294274193 494482082353 633967900556 382870735087 165632624474 920092708180 738080931098 741519558424 499314518896 426502390915 392727254470 771368257960 816201046330 343078560810 970150788216 487553046512 43058360244 125851884096 914953863325 812754740864 26643022504 
22
413542357495 682304319236 71915800725 689577223156 970974496413 485219127445 976676382236 615596710888 94593004832 145711159268 240003700741 192251887015 129868510998 366251294187 767431355488 677017633570 345351372544 662071562538 880985976319 159962486281 85946893554 268943882863 
13
938468296947 653625466593 584286814776 47636011333 359922558109 898050870491 640453850096 529112986689 962861763647 804071932551 190129770002 673532120579 662589919873 
39
417750248996 150330937909 707530143146 643111657780 559675568135 547132179202 411708918758 411624116726 696596643712 613388047176 5587664372 171451881654 759957581704 885434791367 17955456436 606013491452 471126356643 900740835152 290640576472 664248845539 929192306849 909809507919 56166553643 554389453412 921311531189 39344381025 662236008552 246669327710 681343810702 111551054062 389869418563 628234070778 106576820118 865241298195 17465557648 705449437749 836759816095 598732647222 94368217889 
32
131265161967 235069373095 580580709858 951051885316 531913568054 762421218408 962168568737 648851389235 978088587483 326378805438 476283749888 378433261575 188618066771 52953163997 688208466165 480701923980 730894767838 150703394131 687379413832 561748006424 208926677746 948816175655 869211647777 278138606987 280525285545 15087905395 558173626615 84283231229 174401235052 309538031197 707837302097 808449363921 
27
355629481451 763850664585 288766572522 280752402774 278794081133 713821940333 94711175864 556441991906 352176609983 940484999679 824456952767 720314789747 753538018262 432941579740 116656360695 784552095770 286401014872 391052805959 229907108265 469257818334 190416509013 253574307647 434930232817 863275473801 920350219288 460331793280 681122149964 
38
538387636264 967082377474 467336208460 754555441082 817280116810 926557728976 12608188042 494307960120 729653253107 82742382947 705778571218 160332235545 166832141022 915886918168 64072576997 625790014503 259236492581 528421008851 394197731978 404303786702 235956501210 658971451455 887458654926 394297435977 310905357258 98676150328 610144735777 743948909719 265148295436 115166165524 493009130058 103284092792 384581851017 967816510251 684507876606 73160355710 515799985320 94182436696 
23
4025704637 482421911986 85221286908 241156925879 583917594415 393525702571 930561179666 611462382483 807257195903 497335120021 245146373727 323905100829 846090950401 284621016733 614019987448 60930489518 716686101525 339150223000 120196205281 909934224890 291465873524 167144134947 43621139446 
7
826639589590 896062885338 166856982330 791653901814 169418808381 196207445467 764384732238 
23
12872318467 533152187221 160375377642 572571936793 821066241905 674653664898 593597915843 551530120234 621321545013 589770596724 350724064153 926306850037 977581342214 967856660506 519374161547 695562920026 587264701491 963302928408 128187478669 413718416234 49973184254 523786006848 822003021838 
6
766455351332 172108510281 871321659149 617538277226 872042456715 562965577200 
23
198851904268 243659433164 139902991577 735860245678 584521645407 441664884645 494829275956 997217772594 223991023190 255243291926 143967485208 590138122523 431588380950 780247663311 346285180036 857179891871 718339917829 259395437092 534951710615 199010440734 469952923942 374872308065 678342026646 
3
70176266981 534946129517 782393078734 
39
619849668773 690910529238 373600233941 848719960827 929169217384 314781534681 889374116408 607981211816 115980394493 366084651357 155337519037 411989452094 56094761370 662927382029 331564951545 470980787905 629846417 449828251042 723916374617 193179136179 825758337833 454310037211 46655114943 827851585441 241689681704 104391924214 626142717642 937189011898 137468264065 386309884779 253446221901 416694276766 212736580041 703970838256 967360312754 305850394706 126209619451 96411992646 97941400683 
2
653447345653 790448677819 
32
895342760704 148832646155 406552854862 259977570897 73988106548 317268886668 295762495006 199242591763 302561341606 981645439843 742396379217 937935939578 731996719912 666285160434 505822677159 793265773662 497051896039 588464397371 260449003111 962840002425 157411922044 764741048056 65594486614 133525818646 308753480542 747975680849 307605554721 94879736351 504773736362 634749168642 368873993531 100986002453 
14
620303119322 187933220495 993206491966 474947142727 390051831038 375782912349 848085892630 985976539654 96146710910 124178725128 704392924001 127731540736 762907634815 320218708220 
48
856389288429 247106493170 176751601271 751863877268 635034221404 514303607556 673081015825 235222456480 138783399420 39266007134 869510735611 21038933215 985074876985 515582893888 36454259312 931532650132 859569966491 451332429833 888122075798 43893143876 603989893071 869719229678 125584698573 208177274491 347792199929 471974222681 900631048189 906854641853 24956541324 99847848818 726079450343 573464114463 131695573533 934626448184 122229605175 405722126990 499064064102 997870684777 284591306508 477011002971 582447753136 36574819041 263830894521 201169600214 813510230765 790636824956 978151756703 773033622934 
46
183519719905 844462052156 506241971480 452099127858 790483600808 625659485916 166574911981 341449509308 893192603927 192829594873 934473802712 29131991638 563860578543 653419118319 834570782033 973125508833 777991125076 436623208825 270480362842 892047056657 829492312560 308019452164 372125098545 490291395811 470607318314 808325513226 826187525118 368079642875 636445008489 939444730796 160445562142 741759004215 97865638101 964582576939 809638410647 968470794939 323821607348 525250832891 224935907843 513925404470 638417529158 138342713101 7413708642 461446439362 25254791951 482765435462 
22
40572776808 462055460551 304829656593 776291005900 475381329253 131043553035 634317780485 11004727371 763908453090 859789051254 769657703013 362744687477 641606709876 937789451026 251115987035 226519023829 689627053524 57018264289 769946245260 107282732943 750160812102 268678070597 
38
294727306706 897526823437 960824516570 814029289515 872113733759 965864619730 815917846537 288385878403 515484457911 225817279647 58259322575 245897365527 929250609691 717468128366 187805154225 594837732635 514992590843 112104002673 213694542170 259467321785 451494625454 605795952099 622301997992 259994420119 206957990520 635736287404 930794828292 179971585297 477609062305 242602211865 722210043257 192258951781 326057353294 527007466296 128616555171 359567503820 454576542146 929371518097 
17
125830543745 575918126864 990459857750 795352282471 587447954530 108537177281 189635594176 770563959033 412047704554 896290677559 806962500644 887002687131 249603442239 430997573637 499656524182 151097438218 727240240987 
2
807011423952 165030898148 
38
202568129597 927673262136 139461664826 339381188187 17781387233 812008300415 246549590775 129803327385 877714069873 515974932624 459799160198 47666358947 640962242023 637647698177 753729977056 486603603916 118718194772 350427869891 649575612228 681573420813 779453920490 4168324807 438973789300 723292675847 751110717681 668241321179 853528194362 159137355301 198055077224 633807908122 265297197027 88258425787 288167690622 388487782357 931025251689 626454751858 904031218754 236338439321 
41
549039370784 396397516638 779089050492 595748451787 595798926090 180473703855 116834468504 262058430313 354247985481 433379482457 723391024994 483595595486 294733326046 239982972297 397946639106 451883065098 157808830374 843734386837 281571095949 277523348757 539399262326 66569478101 755471627874 460521807460 590729688301 500665675720 292435558810 521255955198 891522189284 128080023720 454607335218 424846206205 894994641625 528199256221 458356622403 711900290705 838107481603 30502857299 610548436480 685175452623 906594833251 
44
240595319415 973824299335 758108553181 544426537923 78255303978 827462099610 782083352398 355758938493 629163538659 895142737592 3089661882 142282609077 861896546207 545877327206 728103674945 334723304961 103449776167 371361682683 717475789831 133056012956 404841649007 8213651874 437574598308 709782938011 531181333696 850770312186 92071529605 586859567916 309911209597 433287538917 663542557365 908135912491 169552114618 934071509402 561851809570 259235766124 525488897982 12813749128 553069178362 864772388295 244795054830 966264725388 713756433448 335018906839 
12
390891797398 611159238982 572764307393 828791535661 282029339683 824473092570 269168143008 609122072760 109379683476 411180899782 717214562859 754584099851 
43
599475449548 76524748782 93277607052 512386457570 562064268003 733568397693 2127143286 903781576587 796913235321 485451546308 586906901596 746587124147 561045304170 12167144997 312755103385 483001202477 753895232844 255822369043 640078974755 723383259426 547409627153 9688279421 814759796126 991415686942 169176634938 827766217015 120374184394 271914181116 774628581641 474118775763 5302878559 220882650103 315833099561 861704157678 419061519924 589871285964 899759023535 432415902667 738731912022 262403078577 804706942174 350621365743 525263216868 
42
741057079521 448368401152 473132545723 365020762663 181675893418 239887629733 462646380074 249094258138 503253886666 840785115944 728961506300 209901355148 618699629601 441182104491 176783378851 281461591151 857362179791 263941075542 614684689771 765702730080 641430955745 805715715292 415334919365 825817716109 666231921028 316825290737 887804993184 955558887840 754569805928 344856014809 920061132993 320005877107 71068971428 214722526849 674050207032 640122856139 501231219294 600694072467 299431405319 872743480544 198187904223 857763156237 
34
761806238672 433747876777 548615827355 48770435487 558131072906 245447161218 607179891694 424131442434 569131902302 700571326672 547953018941 191433454739 189419601755 620638043575 496898038153 811435565374 382905256990 145688076720 543470303829 532788451604 972360491572 341297140401 236345957354 266542690109 835515455654 878877706879 421502292229 531014265712 321776036657 984704968463 295305709460 855609108520 158589187492 137525680615 
18
464174445525 729225416279 640606746402 881141308772 565311020306 398722479778 628127155993 720813135323 565584083563 729731151597 11389727255 599206606645 713518712393 908684472341 930894610108 596394190136 758994891063 866562047286 
39
69430989215 687111568789 641850549210 285662520787 547301203713 530369709562 1715780433 754654521156 180684046654 762716001187 375544142020 913200004646 178315505415 383360579255 300461676363 756303130063 85924846042 494580876522 260818418979 495605450574 81585919294 576222550354 287435418678 29506180444 892743494400 397386895662 322667896107 576924357178 805371257791 737387358978 246136763654 796502594327 57748744432 634611359832 464973180150 310377431227 545830574202 657810661111 166962704523 
14
733659869046 987742364088 858761909233 781367610786 313572202112 768500455554 862617396499 827526188700 189856938721 778921505513 135199086158 670363013566 707704325080 448318145625 
19
337774697312 486124351862 71231719603 386363663548 307322045382 376244071509 486637548847 292515646823 341829667414 61734900678 604530595033 497128942301 897913692051 203767616032 125845378737 114851311830 247057225649 757216097412 346888459025 
16
833700398229 257080687015 136977831448 901029818499 822740315698 645528817238 394759133626 479726067026 874936506219 24848921098 741725048774 444384919694 702817231129 426613537283 44564353097 564765302366 
16
882289486756 750770142522 252016712597 61710573169 529758284257 538970554742 439649864981 300768512829 891628181015 434332769112 22084563407 154558259277 966094257711 453385660764 349939193972 601533187844 
37
842277453387 899734503851 955820769305 927680142006 733829288832 418902796470 967624647632 154624970048 890971651416 103353209591 9441392626 796661979168 619098548167 468032918582 853812454629 406859498019 223682101326 341259404148 375234742450 274920447918 531287196599 379277633338 76151451410 706363477713 815859938028 320675622585 734854019538 605468701503 847191246215 2347719971 703398858594 718143524680 537439925408 16020737408 365357063256 503332703493 530944970493 
3
220676879757 736306433949 216402921880 
19
890168358661 154165737370 920376823645 982927037274 435917360434 48828260639 732551081446 385405735506 787201087876 955452571538 401652358925 394782375305 917066626452 224219528105 427611523546 971303704655 816840591779 775593792776 330049661285 
46
108536121792 64714947101 927938227559 405444168047 627517940548 956856057302 14646096119 753050576707 604632799120 13179115989 547215647875 231137227336 768018149636 578799901759 112966705583 799244648270 76418300064 62734071414 840862480376 377877062003 309607100468 815754699400 742939341470 42725997999 148409464019 512673158829 447581225014 648165074773 117382234484 406471015745 418308562235 266636435525 918763055518 778265721044 402210395209 112441186296 382207226294 624424480510 374786752727 638007408651 64614550317 262547402725 267871960881 662421739250 241113539672 982734379155 
40
73378573828 140346299268 86994616242 415466315406 980388494326 434308107376 750270315215 848508413152 208516483740 994577984898 495388822679 846605254827 845987752748 560955659657 973263770360 989581681172 210130856099 337423817395 913182629443 136740151295 621546786452 256120169362 770834504304 43180706421 272361560319 785950607281 909415178396 257738907307 734104914018 654254379444 39994513117 620822064197 821948064022 285942067563 231914793642 121014217065 963069266342 377212325433 504836492145 890519771210 
35
234618615223 407062603401 525101669005 868937799481 32211994971 447393378575 68713211216 833663202630 122202337052 4987084337 687025355162 963025790073 171470128520 809321784687 919763378859 421364368305 795714189171 329383100949 256755992813 683254599726 876496884722 375913321488 497844535054 728564966344 722771549457 390242562830 67266556143 500167951812 816809452218 500365794578 118836147124 208431035659 57860141148 269179655292 72721692516 
40
513878172940 352961396008 558425653950 922980232507 413409319140 851331099841 362443717003 542387650226 98837212233 336604172718 797628144099 609879728515 64685471953 853864983769 132413566531 285195221251 846020680963 266951504857 856336651243 534536420538 348788784546 716922611587 355062222599 592664261594 145210031614 216376222571 825085693562 10873997320 776892209152 855608241078 191090054792 730100237454 936568564954 677761374550 636399876389 798340794383 375356297865 749937054174 256907120665 193457189149 
46
770186764714 363918427253 798036170665 187856351528 636451703903 381028324283 283316611132 137755215349 277006848925 71203189074 266097633137 742500995799 416233191438 152793566010 41328187197 562554432593 690418258757 659586409155 285331401796 827299135832 100811229814 747736347535 835181718114 941214953668 940463515058 259351665480 996199784607 29171364044 585705334760 825793743992 828772489396 909303682629 760627187194 289474555367 651448065940 407485117726 660632931737 770022088927 392682566621 112078915566 39305179275 390099068212 833654776027 253811743174 477010210327 658241950294 
12
411402880039 10357619873 730212137097 472823380319 39036756209 961240213250 753127396878 672110581627 264525056190 825363253144 604449623970 950433038902 
36
559272266892 395036865841 413612252942 222292289358 764784580725 415898628238 370328851210 304002461170 967239755626 649378035309 530220162922 437073243310 514895089591 844089385158 3097145222 789173203994 767194153648 89924559985 962769852771 668746449578 263385189217 872918945273 441664860302 997758362399 168960734392 355704015166 856668680133 811028360472 645614951271 900269540654 924617090568 851249473974 884159807109 726024853203 620439611462 309044296698 
41
951051213895 155724213938 379604671162 589005051840 836744077404 314788761462 736250981211 382780459888 289531692281 353203212043 815148214279 836913430471 970680278232 295674120434 784368898938 635085714249 869349654124 926347579769 818072301366 746095992985 852369026012 407480572246 952680193246 439919153720 211104634562 90412919722 500741994746 517798354980 317785045827 863820348353 92475627983 912635461938 187109223448 89008912547 322172366802 102552226390 306795301095 531598967133 975744180874 470227976321 907518743959 
45
294435657144 780084662078 769087429966 123249745040 480991950506 838181148528 491063454569 303052277978 705814856911 406398031275 66360319820 924676487721 724350157902 535117995299 784483271222 75775444456 545606291167 84089274817 800443877049 961212560435 310386442716 770591308517 792051702984 245032784359 235458450422 700727411343 864350849395 769542711599 277406310560 53897483145 854554347887 892523584769 700545251363 194579310556 456515569422 768942198746 567938122056 671282300701 912380225757 156813723335 854622707485 65244889326 975330305928 757028073384 639154829026 
44
997689272297 141916196104 255445164907 183102162673 77876982103 952224305014 760698066126 32545046770 933244557431 825635890636 422186539766 823471113636 314451965334 337855983796 184618722 196251572543 79372993824 272568102875 82444719127 985812381506 602809141667 99533867361 751914230524 592774256165 432659396728 773073358362 851329071665 429749694270 24610810521 882369110381 131621967920 884799185780 45997496032 508943561868 624381506382 492293572115 118989792350 535519890221 490629180260 623134470449 261557203016 212904703562 353466294253 170869216802 
50
808190503948 970153994014 624750958756 36195530877 819822595689 879291652976 348680897883 589474141568 107588442710 637522073406 588270625141 177986463786 145797776018 66347968240 143211233070 187587756540 509859421546 528033261703 71931887502 345104984723 655680718236 225727746804 994894247489 790823813291 272922165393 518991675447 720678695059 314070696568 203880857791 899616814036 181177307677 745541100012 109477361384 109662307058 105284260245 902010515562 268203507401 465775828535 687692268807 861709306748 527111809555 834882378059 993350831671 311135117887 978657976346 400142796223 386699418178 914108940912 802044202115 21246799096 
47
490377020361 78680523047 404298087144 508679238991 338961189702 277518486240 957063463474 593357752498 839973460030 667586112633 12549515969 279338027327 486402356461 841941067708 375185912158 869712951486 786636680355 623285951366 25124230213 178347932344 690555357482 708604936184 949249062559 460516728181 561535553974 251853902750 65602166969 810592706939 899043849693 467941499990 414434744303 532122000649 610740865143 50708659800 246900239535 500230891284 752812222464 202870427280 869756914350 61923055445 50296702527 320790520741 14079420962 371789439137 627401103606 605343478204 603375506723 

