10
18
691796110665 790537351138 602789084122 525200719628 253716184736 346974891964 591079741392 156352232607 414142649442 530467530789 854036432575 661214503897 780803149803 681201799528 341018381433 964150819899 596970188058 958752778780 
45
922865533287 27072646410 170605355561 741756945445 771659472476 877983532735 548133046786 657882791535 597457505140 643305463477 625446357679 745988499639 244823675054 619247791103 30510086921 878721820335 869326557979 619339121444 341884451549 86914575254 43844315758 978130368575 13274828792 889391411330 890613364563 570399564302 991089556020 436600739073 118869534452 349271997720 26700900453 123359274895 137888505792 29156217634 153761572105 1133248354 335503665872 23032378342 224306483192 113374782381 200259535910 825132029943 622290550261 620281778937 279952143433 
14
831193699789 928171763905 326725819377 977849953688 887648099553 167156745219 611525107802 37859078796 610392800999 4833883179 549334552782 89268912769 399771504394 693915785064 
13
36909529221 349677318516 663144563059 710239291868 118941032730 772933639864 71975930549 896621651068 752722357251 376790222755 428355281787 231779576086 763597479457 
5
422183861565 116634224627 974885821878 446932698161 352828975689 
22
666795797607 729333466407 412509596956 738533369234 226546686531 161850066982 268346464821 550746044166 602351156250 758675651809 781129690030 619293986679 516540586624 297777427539 742620673787 160419489113 978591694976 888398976871 420100507386 120521545007 75263205393 719955717484 
24
660774955460 785060592097 989010873968 297126549008 409930430998 573003822778 912145832177 759001245464 289757211539 249294784477 820845943106 360121132644 277012040176 149472994339 230934876985 699944423883 981737539186 829381303206 916089676185 290993679858 518469352621 923974960563 730381059434 275894551653 
41
127764453799 239194535965 866991251359 371207756780 633222389480 622269615531 530088281861 934076243281 131275442280 12347802892 985377035654 236587028044 300805214386 161900612445 911610798679 420578903931 870926759217 104700296019 776232460347 935043584655 78089196658 181138214805 877358258016 541725676609 301908824505 106700261649 991613542108 240509103325 709425391887 965580790421 991201671892 283039990958 11180541092 159937949313 515987971097 908190359708 724643709371 387534027547 670634050453 592945982614 349473242388 
34
183806793050 833584246771 812592396229 72302377168 505243648003 316577388474 1646463022 130564512300 718505635592 665812677475 995508061632 477943005574 485403931828 361123102873 358674181700 872030019574 376582836254 658884741740 763506956884 147542547389 995128376141 463787361222 695129125159 737294231546 62213080996 699595287179 864404323922 402474984396 25257920354 483142506943 697542787832 674565586870 317207772749 35401757979 
7
763313005644 239659974791 897963525529 730072295245 450000864930 555067587254 257505030080 

