35
14
622113009528 995207082298 101934055746 946148840977 449823849801 838400740577 221372869069 282616772606 249820279254 698529255835 765970908427 702541535800 857193446089 76105401244 
34
248767952076 711386248373 614504873251 892464193905 768240046895 287461448648 159434765415 970547933736 508483196273 230924394492 329556293031 119003557308 940545037856 715154787468 912864924605 390364342611 527495140352 481337938978 594449491036 795292282383 155654497845 824712966052 105726751564 922920390891 480097447990 681224226487 378276855414 658532937462 715640631158 322438948249 634484898746 65099871149 249405876062 312128476109 
5
785046645057 191584474183 128214383651 779838534085 348768583111 
30
619036625510 272414056682 433682830055 146636480582 970625004530 853565200319 739042543373 83391845678 106167114707 220426309809 713261085616 273141930543 221816270541 467523861873 840589345409 482612360511 85325053179 340728600697 572505416992 137525628806 97894635722 169069286806 627794024058 201589994077 356102204100 388207787583 384813102633 873622522828 234251689962 565358058895 
34
47503702203 839160340586 893711479418 372647788098 108702789463 318630164380 415258720389 619734449481 512982849045 457673262652 405771708438 758027814922 923042103592 262290725159 70744312210 537059841769 25723463438 785313069404 145520012779 675671815866 127270692184 184096354035 805445321057 866842619165 663401019917 401359577869 641417917841 452185045366 851079016422 799569088144 604058340898 370332229478 937927137653 637720336139 
35
727170014953 545641187146 58819083891 739436718720 914189029687 199122540442 656425223070 882089494865 656440014166 150078769406 887538173364 512195802736 209202347830 777188012011 720307271007 350132272455 343437214006 127871247647 108660757300 908208484158 792186340066 660685109272 292577145357 693445313927 391885839737 995191038241 660294596656 333355359382 870597188151 76420999337 441125361767 583550561400 47074842148 424861225566 726706102438 
33
391420935109 427951962281 205188124284 213030734493 337748944662 524014354058 766143429891 792923831515 39905146589 419062274607 646192530847 66868767097 521566495813 327291163807 579096494238 580161460844 39213915903 698277605559 583468175797 130896101195 640133160803 439515908045 833423313345 831189430099 479791306367 751776519811 860139727714 374733587445 745206428139 287393173507 236246651505 565335567305 960029297938 
25
950442497910 312193546614 360771703752 141926377860 224199258695 383630014612 139443936636 687316648777 799609259032 216825367722 502244899937 655476704880 90578360032 972789985372 93954846106 591065340902 902745595105 731977598287 918034959168 636849356776 117075148073 548164653515 480180839164 905205709605 903543147200 
15
407354205423 932050957990 152296239880 118673191671 931171683530 801006138418 650733738122 166266074212 634457375929 429111328235 893452675091 548761348681 427027190319 685829933825 334793615685 
25
175350689396 335508595223 740256765829 251105916918 251925416651 964941122036 178026882812 110903386495 190597077578 958435419492 134317331403 358981825797 232030779766 672586300724 716439803135 460955997993 488172289466 595371120238 884746446976 551747801551 718991625983 778115109178 106283334503 522578087983 260828929189 
2
262336568493 415670076382 
25
418706633959 69417292910 142968172177 209878284536 936778903186 378591237470 217757728941 424609080629 346549143560 59153990401 890803929737 294363497522 448507512575 688676410197 851297322838 953987347721 587312053015 908791046063 643004466789 297473095794 156570026770 647286498845 709663720858 821882661384 453679632599 
4
289703756403 728880915907 97324131342 562011661312 
32
3360102180 123437546714 76266116022 960893058223 218397144714 442560403467 506743493889 107730612991 354010108866 101616738557 385455447619 922858574032 472603307528 829162598442 50972410154 620512335991 591439451868 133415232791 301765618170 431630022319 205237257445 683572009420 5256154030 862262782088 95884211733 982109438214 556618709570 454659070035 659455953155 615514251890 426115387940 438722263573 
47
601179048490 682529180749 993891277710 374052381767 867573939004 410046623120 305231446657 280434017330 259972412538 85475504232 399441595892 226005914202 734826785661 784579949003 883014030625 127035188024 951129985286 835838058719 245330698615 791962204348 397249574297 935996124165 806748674989 474561957377 32973245488 904758861687 117262178442 927637662614 269316401202 951733606119 461510968446 119243378455 159062977351 242178483144 88517932660 636323178969 804686757815 450794162805 167749232730 457522236246 50280850600 205927294926 197878894242 269347606639 420361172523 819732993966 350990522464 
40
41915836682 33683333418 597111049673 724222344400 579594288760 291077501599 800428696763 861165264022 34213036969 806900179161 926128250427 683983227788 904098971066 73957681052 156705018233 214654414898 808524746497 674790096692 158489489236 860547506901 961091589614 554864949531 643615055812 58770341717 167623161343 313070151488 344205386523 510842683445 763090462155 274319173328 382037890468 785879376910 440504202963 330562898968 404792170034 710510335671 237555647981 181519273653 645381543522 748950924748 
15
644505374041 834596624933 595789761409 659322059418 369525794318 160071048494 296528892531 627571354874 52729449029 547393903466 666515650301 163046203613 976994724052 28615212462 24013972179 
12
811424726423 846864854264 288230013171 96203261403 727729574690 554600157354 305294353936 573754008678 52744977323 10499098067 706566660566 882346150362 
47
177337915818 111930682517 686425108633 135682744948 341511256276 109632657599 547442510838 544623806717 233597919922 941038933275 98034153028 774702851376 294997090119 966459030496 69008174401 668546352390 311745474108 767027102461 809180887121 71037799851 818585758709 1610903774 661460575907 276278590531 435498717346 431094920735 689253534631 676013808446 430304347182 370599117438 238229738023 426203347653 881958860606 753317890902 615383479185 58431276619 503814407984 56058390428 418937714675 80331230855 631736719985 130846119426 755771279356 735454655096 650479228182 411344193074 351619675634 
26
609220876072 75371911492 786803535050 714854391828 838143717033 379037596071 747437141653 620481836890 16558555162 878225633346 95716061800 302147012753 473714537947 417152669329 630479554631 722911553898 160983217002 11833912052 97518829811 266379254414 794517319935 151393937311 334905393959 811530164063 998729577900 74814316841 
49
247924024162 139604326749 415005637933 876528163096 549408280054 827425793579 529911401110 707892366819 196458688332 437887766621 578338813270 831248684935 686119967981 592324564413 605548507044 149331785834 320609802291 263461201508 361424734988 966085649690 697780839591 974767352577 855225958711 863522016552 522484444755 803315025312 874328264378 97441155027 469994129202 683153124901 504130312631 54317340986 39692369513 672756019893 745520401589 849853696128 594842878763 588056992956 387505675659 594639715882 175696230969 470918272602 812010509002 728221929375 210357231365 898557603256 459975291369 394126802097 922501112583 
9
730105535962 581218702525 138610805617 776469729609 517318701167 728926713468 811463086402 204738133093 154220521436 
36
467387865398 90431525724 107972329208 186359726903 717243604116 542041146130 870948659212 30239115608 781877664355 591284686719 752377270271 46545287769 660167933438 503129184819 15175809582 647350497753 701585536854 114356627699 542495438746 511112603254 981273140747 67650381329 744203115765 494731098665 834311899806 394933923720 737642111708 34834943697 58788906317 677823901800 787543359246 761020043728 478681891391 791080759380 48375036599 434133522073 
21
93208130762 914444721788 477476882285 447245951579 829375867920 206646543062 768114363436 301230205941 523200525353 998825657443 249661996768 419906993388 560034781023 18890169265 654120245796 6145373792 841043084697 240903738658 911058510693 499869701586 854381621409 
24
498995594961 513232032001 156502430507 293065303356 718508744800 269593876639 625917904163 658240955486 763884796885 921705748032 936846526869 980871765103 549880930438 572914617793 659461391012 667315481499 674576831053 829439245157 515882318740 497514549062 715012242732 277719715099 666604949014 393345665576 
27
518212519815 821642291501 155561856943 537644663088 69275419163 698940523844 888305773280 880065577161 87180801775 827884655491 921355683883 522142920655 821486224651 917767853216 2250344569 580120879176 441315071830 850485020919 406774975117 180710300949 970186088927 368712340115 540163364897 670158246944 534873837881 774421128635 361721322695 
31
967591805540 505068256086 754566762353 619360870504 723070267983 985775069247 795205406482 433988672582 114316261405 656891818135 110084855879 480122331872 564280031822 156230781266 756022330503 512215049059 84028267881 885918639267 240720882843 805287055086 779400975232 395075650799 537023439195 306592060148 729265185963 326236923952 902136707405 455088327370 108377105183 415259419689 619257608886 
16
360960639907 494368973331 262555040528 136853153207 135978816407 224005157346 394179277293 548833455353 520108605886 47329425722 442786125093 953244022035 844738507469 140235608942 797258263007 552216973074 
39
19655797672 707369761455 285640251765 273955039028 53911867336 369591374307 666225413592 720090789630 166565165192 372539990210 430121756271 5550949679 863498162981 942449675067 314416404707 701870499133 484652576667 576181688173 296662645583 499005389665 841104277190 162997550348 28416147900 131800947813 95290230641 108304449039 69176303784 723300834935 361142387011 731213715642 867081499941 387067597053 640136190593 41157066606 366459867508 228676637143 947025103995 711308415463 659023016820 
47
783372570838 515687158794 344129311899 184393977672 178119505317 26098745855 726766657859 499698602551 85133988624 787931522562 181279697374 17251788160 982452723362 740830600153 941307128314 412224131015 822192776633 32937651821 260039581149 313739652957 860179010714 968989442195 242062539771 971243542980 352393619304 196270360442 961003132889 183284845533 487062631607 357949131738 996253753386 739228620321 162035524034 389019640453 669604473229 40315219169 176306888751 879704519921 332802487176 228131179790 600935962767 804979692352 836590090032 634946213119 470726191944 702045303809 103231040105 
9
95769476267 845647048516 811937299079 500228568783 538061871389 661516769885 249686561032 545841622804 681507832372 
44
530070221822 682497684131 799784421810 891521110099 666124492128 616277377983 979642936371 502220823472 552668382426 402156746875 983545786563 141248379333 929156933564 724819957220 968527074862 302640193380 989274960593 640977484393 95724054896 32565994181 335927154374 861007459772 610499971579 319145696791 509632319375 186763148904 928709823352 881498593950 305147187486 802344472306 198013094603 58037720484 890266447876 17476619729 829675287230 761219400608 235571527545 246881998981 309916080025 187840532208 736846878041 752665420983 8070676445 614831695434 
48
6490922294 337804690096 195136312649 633881256378 117754816025 862288203224 105128554918 46081255289 383986617570 215713587216 385193199779 219567449845 78603629671 582729356796 742876448223 618169928926 112541409659 446706918662 101108928391 794339617279 160070742424 201645874315 744259740483 229252748255 971895218544 556379875406 434454100443 989203149134 763701348463 392166279520 200726388548 854152689228 714413517296 689001999377 375965782294 834975975884 969414028286 7810046317 883764096503 629074379901 862630872290 596313391292 162016922107 520168462194 804172398165 743653739602 399928189383 842157594556 
30
712617753246 441717707590 749187609297 580645508467 386187774723 320459067395 781868032891 462724071808 341060380589 254272723187 267805212861 431797381093 892721239576 52110394879 995396655762 148561879703 320679612540 754693439545 316104564575 589418436611 72036350539 208397623659 574013364559 768515275869 27482866631 729282170574 648307907631 291661970145 260697985005 565896803192 
27
850791685882 762695219253 348275607164 937586265842 23953212157 431525774556 194648636088 788827119007 254148076837 407122407278 222634226999 372611708768 37016754696 460380917848 519644705541 998710898927 313438417039 353469925947 49889528034 332715767979 492873157986 614789066001 692317578398 688801304273 157908349549 598778354455 169755455569 

