17
49
381089807452 933321720688 668961421728 468652582147 789696096155 989246569398 594849051712 859817209743 723525258763 450493148472 8751443546 82312654763 812542166719 974398789897 477823701740 144801826171 449963061235 209008379788 186214838932 87516045056 889733592923 920472755350 292114101326 710291741226 427515361300 723363822317 351244840623 388419133525 611870392240 732149242077 94144600652 730307808814 509965817546 32823141993 541066987869 412488147662 758353470688 329244876538 399995078948 140555324785 501151643618 737791429040 618578401815 428303099118 628297560545 109556028916 600548516262 744637332305 121874772947 
39
432424773419 394780325882 944770297863 862348775222 540564410106 64464161783 326216582697 823379681969 758268209404 913881081926 886553498482 128149959933 603190594815 204000461561 471123157587 50187832242 196586253645 371716287266 123031020978 841578006676 925379813432 944694643871 986025924788 358245270629 289246631298 638984035127 189406157533 357315882065 479151297007 627982218064 448063449320 699469580198 769764163109 95907501881 374457009209 811781376871 161359532498 3664641184 206143854680 
26
351431304555 646512305721 272848529823 224901378485 499264526827 10476969039 933422565941 380370066315 191779850230 670479442872 439889246233 645924012409 351268149243 160799275476 515376079111 734920791659 419551397737 500422799483 954611131338 888333302859 88350403682 583513668798 355714448864 237825369692 421799688617 70524092367 
4
950131556673 747501508927 17665917669 672270175820 
5
52618857706 478966555624 656542708052 368400818656 958061392146 
33
555664027151 83255590249 263817040802 501136618786 988044008994 948861526877 457373947490 323995492826 170114333426 75141726532 444297996572 219399534943 743421743934 960417953238 236302915929 542056699544 453850352184 506500506019 850217042008 879750309327 137833272970 770522898829 105340003044 424016880532 202607115750 627091079247 795790391895 669173002847 90001025686 218317747053 823439081502 978915945153 172665943087 
10
328594536742 367233833923 636616441326 436764086132 995673458322 648240786382 423098383520 323305716887 316698893952 787643430685 
27
730174985226 959779707847 51006896920 379115552136 567864799268 102911883977 640024789303 944315446147 898816045698 250148760601 12223069902 57766432778 700456038343 531325038086 501030942515 540075700591 921447766671 293107071432 118355158094 880566279400 284560006806 289920220840 423317514590 220703821614 551894302781 572802718193 552646857440 
4
212854187077 3888285781 126355811772 589503048587 
27
674223426676 313278254129 670578132440 508810817191 408901766945 735319423029 654877978538 239205785773 424180752695 428188448402 89656991926 880875118348 480314960792 506614857239 568115454360 741883469218 916085139648 884218790862 727077131077 338362619856 71359258372 169866367277 206971476663 95450010619 19518042152 405564208704 127989388263 
15
869876464227 397947287991 512227735266 434193398693 740943078032 984037591604 29601184217 353000978514 872139329695 457179167354 914732983609 563185456457 783158348393 133209099700 796873861301 
50
79699257267 209894987730 364237132802 610463019362 629534612178 254884571207 152233551807 191994846670 363345942101 498839346151 557838601763 331651231479 791458548242 53025339517 779087121516 923978618330 345429720295 410948438029 107067437637 910687970914 581567661495 274364623296 616530877653 180480066844 679175675561 726381929862 676645039581 592142428471 623927126089 674145931137 612312992683 658676624848 471453331995 20889287286 303133403139 295382745162 354810017984 106375070028 408548974134 883199721550 359025774431 139124723161 897766633698 527453505609 563620637217 876787738623 227041152636 749932197267 902726858232 329230681583 
22
170457606999 436051218510 142781299945 667185721261 874483243358 870469483639 288230109388 511578176699 891814334562 357830481439 874044977526 792538892210 824490053184 870158666311 93681672312 583789428299 350824196324 279727767799 413932880678 881853109774 121117010636 26802232274 
7
646808989971 739127763935 113032112628 993913076786 495512283921 562730359055 530370268559 
41
850916028408 886346129895 848654977955 989150883883 460291398575 821910903162 970744579432 991289200154 674662061600 798327582198 300418397164 38074946821 438402949692 426486539000 36818959775 441499109530 759223787314 765907771266 335659548191 32425207359 755973304823 101901265296 739466083516 321459204148 643762968035 801431498386 659845051987 760858772424 121450342744 271173741679 223405170382 398638760151 12960643074 245684858555 475036537825 648414672482 764244607904 756149538547 1722714283 603842318753 457447204019 
40
391960345528 803534613603 778219258537 860702955367 408772122790 737433480562 791111228985 823303793107 98276333986 128293969361 164177836761 482650429897 487812997489 742724498148 350940326459 405721911499 203577311637 432227199039 19929275345 253690026725 916578114922 15349723187 773123595042 314058913165 284814463913 790740849518 42815719316 538482482329 612341511192 473329808808 761056683164 222467956610 25672608618 352959563870 865333060755 273707731809 1785004833 636735816491 178366685222 96958927298 
17
189535774887 15838380573 628274161438 735098991132 187993708134 728190573265 725477220027 958226471802 808944114428 88522243786 488206051707 419123365328 702810974104 989124520814 655567507138 680307681659 196067984312 

