57
38
236588276075 276094280566 418603448858 476584464363 550546621460 306877344415 436856652742 581801582536 947819249388 831236851822 54948426516 130089407244 73236270752 334274420370 139200042383 407452382285 573772891832 690527433088 510896149006 899910099589 559525998574 206665539672 330901659319 539912459456 433863678922 46083019509 694361884433 854376416776 15238422806 155089012539 174566533443 920146252648 166441588625 428252565252 928791488409 620650597591 465008581816 502058950106 
43
703739538676 147862953066 548457465394 695050763181 477920292189 961745668427 353732507027 681255743875 305411700393 70987861454 442828287031 819852172510 828981531451 624213336576 632468382758 854005120440 135020122918 560130456388 516669501385 454977361127 438444376698 123866057312 124507788034 634029603547 957670209940 36499754256 277577078869 679121092348 470574548837 937788743216 300442021067 32237738482 207620812625 160101648322 706343076837 286813276911 662543787531 608239430544 759752068102 289982628423 414939314854 700873133622 258831528056 
19
345592905889 501636977381 682067437372 222551822988 907588816752 737791455512 638653458003 650514075334 669943093031 34762459116 370486775343 176044632226 210761732640 571726470842 112481514679 2486827541 956885866510 609372901446 355598255409 
33
443315484545 954085009625 493531727802 721640029234 131025238032 342084391752 270278504203 177766676646 760953313692 140595982977 521564701202 576785448024 823303192421 665131755770 7177778224 591309089971 189422183969 296641818808 105835231796 519918818401 537987533794 545180197194 424529634600 957827165077 850191530207 589159652523 719075760916 366838256512 723278563600 123153033225 290519240828 539264132800 619407293551 
11
309995608144 213093341177 621577150109 474376471282 629095819007 348687121501 774593064488 312964841658 822527746176 943900454196 695669770019 
43
802821776201 768460012220 390647969748 580392138230 978007831239 876834486196 432482133549 588757422460 710107221811 95633321442 842673456910 514569385132 756854195963 393097737798 385177275212 165809856369 510053124097 367448314709 402943188534 173079849324 918434569563 49046200773 132300317541 626361976890 115271993535 581119777054 163055427849 186973518339 985937218536 777517528943 885824779578 194939926220 776047834136 718213029827 892106842762 21117313367 968252900053 339095317729 560500468906 750194883688 18026630005 587873349840 605627839259 
9
470741894715 976388989660 514505723929 468392399589 232185931176 109356685266 606778201801 954670863188 376583654026 
9
440864391334 95100416297 918527809590 827495117017 518448314224 301576082933 325858009471 338596930672 59773845954 
36
299123786467 811060191556 130478592450 600253893464 488044974524 186100580210 333500028355 837351446308 250627104331 145195816079 104331123434 830539612526 990215082682 933528986769 322862196215 677620590409 335739536895 915239524074 978003379296 303729882958 5518532606 431075683994 308715797165 38635465208 278294044058 286316630616 96289285165 863214938018 552336884944 771819337716 140312304866 382728555774 411171555200 775787693997 483083404637 382641025763 
18
774382608808 18364409488 767733219419 874187788525 426211781442 437719955679 663692873980 784944425009 94763520080 871033841237 672644540413 793462333684 118849663479 951379316383 190701934102 686681951199 222543487494 991508002311 
31
843883231611 457195182183 115107901188 65223381984 315521671364 68072955030 400988637831 805090295730 867010469823 168408017777 164477265408 396614990080 863820655062 874450350461 451651900637 960476643405 40072541842 308132269767 760537253461 788953487195 609161193798 664668095150 991846329570 607078823186 88157311455 608278470811 952746274172 773584703885 896617836738 219700857954 153398826375 
15
208670089626 709539622282 14618041008 708673726660 820752681538 464100655852 294374264844 772775595548 77052021566 236912843543 757415687381 706478091340 398173663074 783226312717 724273205492 
37
571636660634 156245909397 611746549414 632377241124 519432972731 801270842084 955373983818 215166866290 462561127920 373400203234 754390408431 354575458241 195415165607 22425445610 371160248603 577569711773 540774155996 85406275549 274042361197 770593787142 554232280492 828223121361 861865202521 258292146308 991165307984 771149250514 847237121387 528008080436 877769663482 523181357950 803893934302 426783867243 265143160180 723660521380 255338292199 214905479433 101768239801 
23
992157222811 136794841448 401301965338 245212850672 929934859962 488822674025 870154011898 443329221496 110068554110 243094697968 324995549278 736998239352 572306556012 927324368307 471925374447 225696812031 421968685157 270616949611 798045591983 682889186532 851084596123 83721264647 13837794277 
30
914956415465 564852604795 718950238788 875201773191 571413510873 417707563138 757519472680 488745307356 740281948725 573298164194 556524142289 953203326407 591063138758 818716189600 874526909569 827644192910 573902577883 973721966562 701751229467 867005432564 548881510999 712411101680 700174950969 61799351317 981831654390 393285946006 249244145410 947572236614 795035749300 580882053838 
26
167204940245 768673653224 870842674328 773321199205 130825047372 40994852937 130419530965 972284041301 859280402383 818972398223 915168912486 975078502162 403869085618 28202633633 191899685918 738925098857 774225826534 940586896497 168665405043 409570497684 233250034710 703322301264 621315429355 577940553617 517269689685 322243569857 
50
504568359442 256701188529 682567884054 590230578550 867278829952 499889711229 825164356684 364613382225 620801221577 390075993210 725061497693 872902616804 232154023493 187721677284 11271404781 107762512779 652134942078 860537699201 758864304709 304635913552 770100062670 525092065718 489471618169 824133296307 94917430856 47769777758 33248833909 414576579467 866195979291 885041843473 630716733125 964601921212 430203722697 769143334344 290522897284 485343058634 573932051511 531341030734 259262174346 386954765865 776280099439 52043786551 602892583722 718906784457 265338316034 608395000894 310667464315 24652496833 209578574359 957913647541 
32
149749516700 943053407801 768706519178 91174949722 671337103904 984211104309 493460893426 401628868699 201686511641 688825758231 548763872848 860196173774 611029118170 37586718112 903435756326 475816421081 865916892198 365729861817 593097255582 650828012578 641447537444 488285544944 857078365233 510961368541 278543714874 164433610532 896026609669 150632533589 614774939765 533020983970 681390048412 653753890738 
24
357510273456 476930643519 31786463959 337753868049 77073025976 22294083795 878906355200 736352462258 488724451840 288051398481 182075329624 924316856606 520991914835 348170870339 729728435341 591095422548 803293087398 797067347149 246188695731 76990379865 46695660614 293190595487 639798808314 183893729660 
23
437307598881 215250189630 494146436031 178073013833 595258993364 535455580130 632594924314 617636406686 171432687343 989320022135 745318007600 200563990871 455677108450 902182563337 582691637752 540744302058 479063957573 345849782263 797290856951 717601522348 868219784377 374690481167 432133909621 
14
755445909835 802403326493 875887457420 522144857349 972617754570 313457533538 556357881 388240059929 56213419643 840158883159 490797040116 883284770308 549651209247 725310993284 
37
909320599449 633530530536 354468873523 653095612306 739403693523 620280521925 698537447400 636045682432 345897672290 61852603329 654789782024 841685099479 478508172792 202335820845 739826498990 464663850911 956839431131 697670098750 523087014102 535022686418 921447225053 832641211646 176650923814 671294620132 583101815672 931871591764 322548446260 315613380344 740634383919 484737713582 947086225197 101723571848 188612130158 122366454239 781991726541 582583682547 618239671357 
30
906693172575 873709120445 655844675360 128310113964 171587769804 927653819393 380933665146 596091062602 153799972665 287601931599 765751215485 123040967276 611163062630 194048241277 899316737937 245488711847 537109185354 91032942647 173988594269 183338882697 397625224690 647259048096 428422942066 61074281023 169151668074 279354365720 854655946044 595767564919 608126637973 568756021428 
18
165394033193 815301816561 896260295681 726099929092 725810605818 455961068151 960317199949 3440528778 499982117900 15365973923 158663703624 369286859604 416510989611 520948310493 464401027088 300379388636 675921954758 271466024777 
31
438001613006 924407129258 849789766083 874357551328 663385663315 63992058566 37060280558 454210434326 95863221961 481736645164 20392072299 619303704024 276069107421 453890372090 364237614430 723876253208 160627317152 681339175605 63391703183 863983300285 996319518659 545516396965 699213246279 849749756763 228002026158 453694222436 650408770288 235510493046 308312275135 144613090480 889994053393 
40
925217842665 648495894175 809890096487 990084698635 516030978146 464488089533 100652706317 935583933858 596981785345 145104453082 823132782952 793106473180 559983875434 255414247902 736384335754 854058228478 869169766521 501924593911 625566418582 307979363994 897885898518 626172011883 803234568260 769403967101 237322243338 226612299117 245136398710 43989535151 198003864432 254330677782 943697300840 900010961256 130839793937 508913975442 285147469447 652939270752 881802534966 779123359707 110932050099 303299764750 
41
629294744674 586499838773 248436219590 121921621625 335784707651 443833520480 250179141875 735789926166 301817216563 402961377296 909787319249 696458380817 441254192842 764570961807 95391998990 349364288107 471971708691 853945548610 176321605255 208516592546 160263629702 549888219440 486226681587 193470690343 117063602146 303106440049 71577617064 542506160110 366759144848 503814277835 661266367702 194909119194 805896831380 879751369350 500215241239 856022092036 815373174397 804466399928 766337110711 316800436326 83390481139 
22
931116617817 78165570216 256774097436 278182509629 660520963533 20594364922 423843242453 791623805843 444669828767 109758354407 491679845962 926449366681 432061264248 64335631835 120389806792 340699547022 920034158964 69249296052 546766878038 948559881349 151430810154 891722819620 
18
711109202550 91477244702 128190046744 943739620361 675938721958 123664762144 778904928588 101934318458 252772335351 726193465448 810990357889 377827176263 509699374939 937705898609 144861028981 820106544684 591757094804 972761152277 
16
997039127944 493990586699 22364945887 625834248753 172166576828 81823019069 851238627759 378193154652 945459470873 259816490121 611390124937 815918126468 547881350461 403152879263 482453706391 414445820716 
38
841698656039 350352210176 421535630680 703913474687 861537635498 207236184134 348075976695 1413026167 633013547427 958303239926 619210320020 8876691304 586992265798 96674978816 728920017424 180895877983 547770735451 647477514968 272408877954 626972111008 934268408393 262152934688 196583309635 330522912727 448299230362 615547560554 62826310082 726261508275 953520893770 65935161975 452323014702 45921057147 800750636632 842046999553 593245802732 377789539092 935253732657 479676268885 
15
941807292656 341294115657 361704492669 919766911648 43088297654 676014679347 350901956328 618288423600 844738867233 743306451541 410962323855 224077609473 22698131893 593622453268 828031100297 
39
830116848050 207930025170 87499470561 308316083157 358255445266 494962472150 129726680290 378674819585 642617683833 113561526905 796161472814 507645900619 854571862113 810217972438 568483237436 831696380494 788897963183 331581775988 225949859502 224149474076 450487635424 218555990919 556423104436 41029348358 964959700575 231485074987 734561090789 659003824560 407815877263 403329777559 538493328741 675727476944 753903902049 20556154873 576197694471 410729169625 191618592743 429376289522 242669249045 
20
662755100947 741895524408 803193110871 833695777101 915987131811 736826759885 738618621273 691999881092 462930760763 28013550566 884092475757 272386079396 365408016082 134537296216 317374746762 440950617852 205579866795 936087888957 124499072819 951596483343 
46
526642905988 364615488703 70646252280 570269276515 925206856860 188911420789 531697493380 631000497884 93170861967 971923713496 959111488726 740848124575 990023392058 90902006607 425455130043 812479256135 635621872698 395995852872 668001784449 824536328585 935764526425 633363400388 291941405531 641743455762 27546724584 54564688082 10213521508 227459566921 921183269487 138677362398 848712195417 49923006948 295705119210 855293547849 589657389972 934058087686 960804118697 959132052543 942140207856 732599484735 146981077796 911726429034 718357370126 285294729301 236425106660 437481178822 
23
648490263146 291620949102 608520919833 583430770765 673914798489 531063356848 811556347361 867519727429 693149005316 851572393736 363489993807 853929982791 131899598539 999849135596 791955178344 529689300550 430472420035 93549047823 275386994038 724380721839 457260520452 855163055655 563740604528 
2
307817041558 329097736636 
29
949490891119 259802096623 580558504480 613914245165 555208902869 820710094230 592701624731 806777775163 930831485311 463771332782 813791428877 482504335743 266512361610 410285176124 805461325375 664920965877 179069076768 526791422055 158930645622 224167232868 637651953299 540943724608 491568786815 508880916278 96327383751 17318219210 147705381443 923439474238 560267694542 
17
199961974193 882991884961 546861843809 384624146239 664071197102 932024805322 618661377143 362888219100 752949553143 167013502361 51486189264 186551646032 381646623863 588802315975 276564660863 966093793105 990658157655 
23
844299684812 840869950940 243103987262 754012443638 910449325871 760803142949 528138931633 289211000646 524866972169 6184034812 579934992016 175729373824 305935854930 259069051076 629142842823 423216881100 660154389932 797379086534 663709096385 729276677094 48807109324 650501182751 637350571482 
37
172719231206 480887297958 258753760539 53499298144 663216344061 318375128112 807612540606 739731368131 664901382545 52369795699 660033971884 687475069158 79080704151 614933901665 777370215150 934142007188 709657345347 414767005957 345273481964 500098647802 425046159268 997326350009 228750383821 992226165610 585817779731 521304249974 623632360933 277922285617 424666491606 643519222800 384880159442 304944741707 60811288288 584363235045 578544360416 707047616866 278156677241 
15
408215677305 918696776085 508543263919 128598241950 894210492055 422957083843 808262924653 762522436583 665949072827 963893140768 288147463182 600820849630 472303894085 7488392118 482327731357 
32
140310906481 704341340065 335225811422 746523724829 868696671190 300728951384 761402101249 879177949637 47970485451 383872515462 780538164508 919147773631 479481936697 434548598056 695267432068 309511227838 615608501157 980763666892 598388536368 802021256202 511718747149 478473772452 362241885648 956109918200 798628566117 46879533905 294911576083 613411751265 713577391389 965073290618 368430354565 934910354568 
47
332133643306 791396704770 388331373362 518903906592 529046234537 500788685407 153908325521 596771143372 377330286688 995348497491 619295588609 494681926939 132456885299 681404383662 89441797880 856051035450 637762266120 342990429124 551942684607 164760260852 952173162688 798222962482 854677253320 559106031297 675147677076 799286210066 127718708748 413514192332 844485292793 201880279003 622103754902 548862201841 112369008654 416285186215 154101477840 310407675030 354485389769 16831880487 260873997839 711322200369 48646522010 488869381689 478611132745 629378031660 261449302152 972692571204 700926830072 
24
482524320495 730043993371 713842142182 927273517550 382301529606 625231318636 487755039272 453829326479 177424506646 9480448041 421914637261 788569039255 862711829829 345078979679 979451582699 342321566927 947660113361 960073488898 606742806125 221520204045 100178995864 967872779645 424529925625 93434605027 
13
721493971902 819514601736 457967619712 241155985537 193373484362 241775744258 941735292980 164108746390 822846317440 655696838431 384855728924 2705314507 487313994219 
24
37427782369 854904129724 864153651317 700899844425 445622524171 760850262477 878734608931 423048645461 342234319644 437288215794 15610451911 899175180135 148462622787 412933056870 731473847439 538274618638 828756247797 802788615963 425072492709 721538961845 622141442348 337649313265 676023169582 92810446123 
2
925811832710 67386890370 
34
46238833803 484609075742 144594201448 865933860372 862710427754 852086283456 552456245233 705650455829 316794766219 600685771434 132621701971 150566254497 969125155365 359800160850 3225904550 71199928984 448283967438 814174549981 593305016277 452896898263 748315930371 490590698746 349747458172 61986993834 385899756592 369104471675 405595638956 432598468810 608182226482 427584736092 582623253173 222532852396 771653163716 319476533232 
3
602720882639 686235336227 226046497892 
28
337191179412 948248312897 153878625619 773736466506 343208321879 320680827717 306779251977 467825393347 294744959276 711841824604 453499322934 96372862288 171159330678 451614950369 350705207958 213813247389 644253733790 379096913316 871331459113 978129576789 708973751774 175746935768 769117337397 653753005295 324798782797 617703365250 323395065009 922576210318 
16
414366706746 225657768299 29238484170 323118268669 233077796501 489372044950 117811131377 719593918837 893061170765 616486216578 314112125436 881779804628 992643777499 125637557293 276823606094 641518411750 
20
892398674561 552284661182 313663762396 726777917577 11659395279 349044973806 890156130075 73013825207 324058470168 864582670924 478179202361 548253821628 346549780533 97361047081 892211303613 241462601834 359377700135 190795476718 591918555210 422363789782 
5
893644466267 338614974946 881309703079 894410616883 921886961487 
29
950965058978 88986565453 357329380927 66316979905 927092441763 171693047686 295498156356 942578926192 239536897497 66311726014 286251703655 294868868102 696370421319 277891297748 549428477167 213900714315 687478327806 370376227544 32734445405 860362715147 417592118286 719362930998 979615364057 329166485526 298516690650 564334292703 976642040504 584702522406 518998845286 
9
413047692701 692532216716 228574306391 512840031457 183742125783 239113497105 93347276062 352215707202 215087532197 
34
519055816676 6849466731 156911718106 105129064907 346567722191 85512384165 220219460856 178117697089 97741993561 953943927063 833467603421 509895271267 41050913979 217185591598 110674274685 519664743701 667609030063 989757393748 680492924445 611941693894 708085972837 535946456317 156074982540 33025346714 705182232254 468257996523 171605676713 994371632034 223824541219 272015361490 56310930509 312971379519 47846352872 813134420375 

