19
5
204894461098 269491554520 711375574085 708648595184 503518240954 
4
961186828764 588055869798 358655980144 853669691837 
9
819116681751 273157995124 372236294569 886706531586 225782668657 153982391735 243230012637 396306636379 403268945594 
20
13032197782 567540713521 742015986333 504875810946 440604812028 12403638980 987103941558 974099778510 416088925897 920397573826 181053257678 505368073398 739735458315 390429006847 162372217748 578829397679 147269915074 29805664993 692344235078 124074224697 
43
346202191736 20950660035 324443302826 720282003666 277935085595 73718678194 979841795566 879257491230 881895621122 275728364931 473181398152 619642730269 490427425596 950900716814 415293560394 352680571745 26057893059 65907457175 306984359558 31560553691 597270041692 486381825503 794001342405 669830499804 977381664720 271400135156 106378460829 526541971970 681385946769 157992359723 975201263379 59070759257 79610577131 685280708743 808741580535 198070925000 306784043858 717121435997 468841063762 77098272585 877112957420 507489915086 776197427538 
27
464195289632 859102466154 599721667042 822426222434 903614728395 381386945059 564494222287 412196701568 491455031139 323499074619 414088121699 44726078089 117344862097 494330154405 954348500597 692595356919 145198814027 957355608892 813319150316 361229501457 221449819541 738777425950 156164194525 943923546253 175357965968 700583444762 866007511983 
47
661762647260 528343466834 451582128227 266398783724 676494571522 134280761792 468935789401 892510543156 932798476481 168431273134 556019730241 241792535749 508367677772 169881912533 685513249857 156510360756 906974001910 349822922404 659412297058 849814869988 364783819657 83586681249 780666125751 511154887767 794072314570 702656196046 622268062374 951679619543 266240265041 159281418384 708928459381 994973435930 141294929291 517485355317 588354399903 773885076119 394949618066 132374722257 770106888622 267100726994 758138509644 919645994074 739697000507 699986800370 192322174319 434020071481 278177035494 
50
840030453445 191592901421 782003110176 805226909293 592010217108 600742702463 350416917407 572535087356 671994699054 590459722250 566426327035 426787111420 804725368742 306503587128 296693211898 634710309130 951771117222 602301439039 478605995940 321842145885 735143316953 144415669856 680966456914 936992847382 388406842753 421087871189 939309339415 963508485876 830282282547 356967362924 691182343946 982998861291 104611840793 564629844937 655148647623 536998784547 434305304094 728198097450 470046774455 275306289088 820083314518 548121025398 308514319227 529542440637 959934569003 482928521628 515245231190 483643641262 349335230205 247812326555 
38
707814230274 576484627360 621942364126 870782932775 802163286672 516457791851 377358261395 341235089917 580712786071 120193594903 301535895917 377359033312 581111763811 348420090943 223980606343 508739719296 731280998343 302219553055 853667924296 838872608329 470470330389 151480216796 494330659731 23377802140 566293845307 599883720457 520713118907 767307115198 394041214347 667166264453 983014481748 853014792619 699308636279 441060165756 25256376858 283661604918 488557170819 321733728648 
17
498602748454 45178515793 831759935528 654348303897 637443609257 798377715402 428438755392 341306690350 372404933563 955297487930 414507271619 173648967490 269858811061 501805652173 714314705306 627783848869 551834684573 
26
88116740494 730656378755 582262653411 192943157192 721832898437 895724113506 814044827382 896652840897 432791513535 16632010682 964493553731 800899301152 960463760103 425944344072 494566341265 934948949672 281777664597 583870614131 521231396112 164231271532 276552736215 595848987825 236858695134 781142120670 403843485253 346656594476 
33
810883147313 471618571864 624546358813 472446754782 248844989691 269739229882 86111214360 201576211353 595705140 685161063599 242179115648 437024694191 613849004828 532891008093 140357906629 749106417042 213708631754 276893000325 918987347358 502786281475 18748507046 158084681537 391568744878 473448232292 455989069160 673463348539 749811485320 758530323276 206345966639 549209175997 783161846614 487080251987 439007733081 
24
274705787268 365104414294 934012736247 824256708972 937198664264 908539519777 454649121721 564896916490 44525313190 512104104588 118437832881 117422121669 118963201946 850806566148 1233887956 23357962608 510469266938 651273533458 246060678413 976085877905 926892300904 465293972098 876679983398 843988006029 
25
121627332531 51553747956 300637554566 956592033971 422957439058 896418527224 377965320995 831366473406 170452418420 452492964625 659156616996 309684782612 751465417914 445368761296 368466122527 621072977530 323852760296 799172931165 762638714299 78033575022 178616355187 684920269260 101631647673 900298136721 472689233318 
48
731167471151 231519795620 970332836645 482336102908 199996541349 453362455274 827611235308 180238419217 416390082050 835253297742 221359981399 773462954716 457705895735 972062576398 682861631290 166934551954 153540342037 467445487446 257831992814 835627283820 226523617143 866594858469 913835756745 641811598018 721948808188 777512248901 541188505838 653324927012 840264393493 999325900799 613923550867 89650260720 443152091035 480233264712 321463833475 504421957356 767789110770 558310984348 864084195793 959370911613 514119505061 233236194466 936416946720 59195332414 549521057600 982265593081 18910823000 801801246599 
21
950475238422 813727728127 765151828892 520170448037 504918188010 642219788554 210999490752 908234764440 717065819608 864345487750 311096215263 579129381854 345661155532 695717086109 807032603670 19011983202 132014346681 831532544729 655368362714 805155488398 917845451307 
28
986548978527 575371864711 362049739080 772945514274 409970612572 193963758997 495244972702 245683314335 987483125653 210238277513 83352588982 246722530496 991721892079 800060050539 355866672663 379677421425 946213148920 639485145385 652032658793 8121681361 459351654471 256495838123 115107274441 477952261109 483216878244 493895383335 595002910104 55455615187 
32
736524636955 904704724315 284680302869 694886159189 778333384716 361695248773 355590182629 970091760135 877246960884 229345118337 200100615264 341470533073 156229130140 353049478408 344420317771 363180844755 258330631246 70600581492 169456665405 987687425410 854583536205 433559609340 203778142683 242156892687 987744505950 599721115772 636076578079 513596547080 632346637954 572169341860 939602699617 666408498668 
2
210381677785 792837911775 

