90
25
377230652274 856422805817 295759314248 533735945651 466969718808 261262800493 763730411469 182110511386 748603527440 899755604561 887670659573 180405880825 260769571926 788572910453 241750011731 747369157875 34827086132 503515231206 488314489513 31280635058 754381872624 861160479489 543448808257 114192460985 545796444637 
49
154471826688 404078590989 441510438002 464454081720 329955389868 36585782694 912380303019 219615952013 988855351281 129782654148 947280367268 463054391738 312374404332 102705198487 200713937884 76492836020 175679226872 261944536290 229641592227 464235905676 655535336766 588685228824 805642125970 882516442730 108156293398 940629780062 634569010826 464116189247 437928673273 120770289076 95644871219 208233460003 714369862613 765577497183 205548856204 767566009317 51148088515 466471349037 471136090115 761393660113 523442062163 107014980393 386487569651 943297031906 1335302739 134611673830 229914091866 794733326441 367048712351 
32
895779497332 216072961691 425176934789 647394610389 914932825048 687916106855 736534100665 67080746533 82010809725 231078464271 764873700530 513570824872 821896335210 74271836997 547925776025 557408597567 207470553626 857259432852 853199170712 413463699378 382475365036 417490449596 743794984430 805641992364 636979187446 550592910807 804625927883 210149345980 253257997047 686414445416 399371018687 600593474113 
19
759028128625 734521406856 778660373184 236037704220 744157723844 265074103908 957865395138 856740558593 863792337484 660907134 946140890333 194352154068 363336065243 516607761349 972927716456 882385248261 28231113339 939792722984 783349827435 
12
715814773098 8192735811 72661649427 827148173354 459750654406 510144617900 929469804677 308099824066 959894148095 137507948851 967122823654 401575398055 
21
366593486156 870841617351 326778430911 607187280580 531760027986 868191777860 149201687636 682727120597 957782528496 481373784256 207065145595 703650528687 590709346981 246730357607 111103419736 357473328902 250789391275 37499019024 1939601833 32450423424 470738056330 
32
182507569838 268318604828 484537262315 344152335877 512102810584 705555633913 213449804114 216634794624 134865879755 649068115719 5910256627 912403334912 758205028665 409964266105 920482615285 467196826245 288802354466 715731689943 786391234211 254942922465 897796022512 862010385321 984188390724 4796886372 267142446327 274301591825 502421197901 28496636483 851621123271 206545417458 337807793752 181256340177 
32
903711518326 147054182202 70849114481 262182428278 325506503506 710314141554 957128156838 37781884269 892618214240 15702741472 486220913431 54459710474 230709077131 940190735204 482072301072 299491351305 378735504768 111991821173 340083026644 817796410287 454755025637 490678122825 71767797185 198473602407 715409180033 81556965515 378734177503 309153055727 411373762664 688864361845 904664712591 27922828823 
50
476291430765 83506164496 990497991100 779343255245 11703320346 166008554201 304059046745 555142595898 530538707623 611211234605 824245345339 659698403840 538404270479 895558368831 302379113382 183167770153 532873519850 500027903418 555646969656 506830255771 396147146027 683587890262 920022056115 877212848612 348363708803 564115451170 783169056777 29215904683 947226195505 497976213761 840745090098 872143198081 406087214172 116245303834 75473595929 689559826322 388124451995 233123121245 939253370859 929460170663 489778538399 128942399423 709957466629 269558197680 439550805163 665041272277 473042099237 915172965383 441482490683 209889110453 
20
653945049307 574400699804 190767446191 321171044005 170740454412 941739732620 460626239319 682384328878 488687779556 747383621384 375526268310 17643269612 73222549394 391937477103 654870253410 13580090365 935156477478 390057946853 238327001033 621468525707 
34
575890343393 103278262623 21266968756 847282965548 361578101628 808740596900 499010846573 270323462035 57791612566 305054851095 233899673777 997995560748 935026079807 983844734968 261061666666 262341675713 898891628862 263900397157 921343635087 480179370884 991741130178 15239028605 525864562673 876430832894 989780698190 491827416471 495124235016 392856819741 130946607932 114866108397 409755937031 681404206262 185895352652 976879177314 
10
711839588012 514372340745 148848605471 728358291071 246810158101 169494735634 206646084652 392681088320 943139903060 147193774171 
44
661061231943 477035507114 858450800510 245556893541 193240880553 295556516520 59587121001 647114257399 314422367099 192744909285 83915378598 58218236689 631149005416 707517252310 915877657577 43017338551 740011261160 648409548309 286762604886 263374907114 267018400959 797841629303 154519207654 937326908253 592948955205 623963244139 897190504171 887729087609 881980372851 745791754153 589555195288 701530792169 50492511477 457938150801 412808826954 97274247967 553539469080 751412280742 219815981793 537454566830 790945733349 991968104252 858177007988 803400714240 
35
308698320501 40403038519 6985037218 730665985876 617528483941 726970791161 218641014391 116705310456 3779059352 987716075616 44568159316 891500366497 91919820450 325417593427 702289732413 267160037761 549046839990 840653447779 719223511680 789842760244 497474222738 795863451437 563920718513 907649272072 774402968601 151540930841 868786372669 687574364261 141680874738 331409066876 746990861609 262793682633 895051910735 504139146050 711277391775 
19
830398571341 161177111076 554196679223 715856455373 713360206425 792606282891 143103112135 960697466428 605354253159 172855213475 89968779606 40949531753 155115822181 523505121674 398229237527 868211458690 463189636016 853013478239 577170222887 
48
674792834401 260551705869 813686007838 385970087158 457440407319 887933360256 3565889760 115026505512 456231579937 192799102411 487974517643 331849780763 808836420173 473604644342 7647537891 95133445244 434203638389 278130557041 597030536314 31060522162 653543378661 650816033242 916413849728 486138219662 44828536632 575611985601 396465156296 97137395714 621455411875 195234806462 535585556440 536015174966 105928877592 414243869802 85612266246 698664955913 831508916589 873699736842 162735944872 47744869677 660467603354 487399952231 218407834096 564978859157 315976692603 173774929117 546243410582 400149607896 
47
908170227203 388714513889 797216931482 941648513092 211195990245 572934751629 726570622483 514153353727 405469275409 870351972379 529037943407 191271040207 451537945796 373535644113 570719206544 806295132593 883830662874 76929478794 950495225658 287513485207 536231500999 1902200666 403596557204 427645411779 24271743970 144702224274 870650689900 746694405094 667279736839 827514449143 547218259569 341045989986 176972091959 582439715384 925661178404 584605713586 142232319248 980631746033 247365243081 279611421596 195845561949 485829464483 873961661120 423210831318 468158922581 270214701151 77127660631 
49
629946530536 617137668707 430063156576 792631600581 597919555504 262892397029 943057470130 854191357394 775549211812 898296313866 392496304487 267304362030 832627009024 152101553816 432254055838 813822568826 830901712963 919998136876 829210728257 161085623109 867334287548 511025097150 576112565868 9925728860 506480674282 976549415135 920146754204 677728578848 509800852889 744393059601 751191727288 44988627508 334130405443 200938356049 377497406819 568154855088 315865790791 897867678292 706917628472 392411383522 434324750697 977104138466 144792667604 370298685443 736445387272 970087652461 735484829031 435182382744 668789405671 
35
883843958899 422536606009 485270697849 727601899005 909534544385 977436785796 276267479597 855855307561 111909696963 579708855452 738088271503 322375843620 44623305510 924127026495 275934748575 304535675603 65822718889 141919366415 288570158017 495371087096 443529837538 672608983524 838123006632 228262422122 1621827718 202970251838 527915642000 947047094848 341472274216 177548589575 57397787422 636626899635 672385868988 615172903796 233143797395 
34
811622501050 532067660888 776050823701 273321060577 686329200824 960945016940 871079168283 245320606193 738257042388 118556981191 981961788955 59584336206 470505412927 798235119375 309757497660 89813661811 553026390691 379207477132 895493115756 951732494213 538104648861 262393938589 586343039599 19929553172 213839374698 305365486667 467682774208 716349605229 88665394471 44605100229 538420781069 577719023367 531097162762 575571618137 
28
658274320687 2047845328 201027425634 968997610387 510004112193 853802094470 108463874130 687083981583 848882415984 482763948475 586978374195 895147090958 21798439394 496063727524 183710701605 714955413362 164080948029 503832288551 215756017784 905371497725 218830766507 419374713057 587026018454 46330156948 668775885148 778027559158 130370018224 314880840171 
6
500644160612 42171247768 721336589427 985752203648 162459699846 653605925907 
7
216949069738 162895760842 811804095500 159369324472 225621697471 111845026300 470576399249 
9
272349653841 314677380319 985766951358 239197302058 391320161908 838908670291 391144002217 468077886318 360149721787 
26
339134568810 245693674406 161528713539 818829197261 161622986770 856715769628 918466198396 683570220166 900793155604 151524691243 856458033625 189637257428 984988207344 49370006809 319859851811 965898149585 459772793777 814301195251 799899199750 989730444938 369224672216 607146175463 598442725839 739206913564 692179121267 455195690372 
8
957834517404 152580292607 738215789198 791464819426 505806372305 425204272234 649356346761 324249817158 
12
262879079824 118752946743 167049279442 748008907860 699138394491 218392852320 75884343096 828669605211 482616321618 689843153453 800262468123 904478654667 
19
81437469293 496371227302 261927286216 191977821969 310148399819 785880224776 159032269376 108964179348 872045464620 925500003003 472691452226 568047980142 160772556109 443863482069 679842498131 927782832970 413197987875 601591242252 288987848032 
15
317450527105 1651985260 635394176668 785835510882 252688536467 498963986180 839341621347 991504215382 58885982775 445235993467 30889938111 49523567371 921165532761 851039450446 403244469179 
38
79433197927 108677581519 634869136390 702181241237 939592950691 738613666917 736332159752 421866840675 26303353244 371566168853 791423797620 222389953935 954905115946 621764743122 434780236002 644207708947 60120137180 303719835188 706443664725 855553962873 770967645859 266062236950 841528416483 202412711503 375743899337 609489005869 676433031648 68297446301 108453056674 867856408417 490867237553 592409539074 74145602792 889513873123 399763937177 7957056460 186540199250 886448477159 
33
660364521457 722117667550 125122984926 917725312752 890259533722 119650299751 570633140478 354251537889 5264934520 840122801271 231521306376 842986630209 882691839624 696468693937 641457623205 925924287715 326820649415 276363617419 882516063847 680353578051 300822992840 389341574453 870633064601 749044395061 56907743705 602120065902 99182630338 160086353649 425606309758 806555015216 96155624298 443349359077 175270317503 
10
412850218494 234587619377 512090873206 694754841749 58635421412 390526056910 825140941007 63461655013 695931767817 592069207157 
39
545973955399 945244234130 179777706801 755105078305 340006090894 57421723677 363380547470 998057829970 84265596909 109601445727 966396355144 675787285642 795305347069 7309553122 710507653494 668095615323 609171504653 720352844943 112045680045 972529114735 139874886518 959130704585 878111638911 428841661665 975694726360 999866329463 58693601442 367926520308 721327460236 169796707014 539527423705 797681748488 89172264794 102478363385 502911508583 164976290170 237002086589 643461896238 946448085428 
35
956545364800 232055560311 634821524651 138192229552 443847439775 490552578170 746421886229 657786430387 275031115840 540598817863 627294467029 960541077074 180205789152 36489375839 308330028772 79207646582 982668884572 769948123975 829957757796 422954864382 509039639901 396189195588 984421034146 427764942211 520998315204 824028626978 683686580158 619737785387 688930162810 96867353464 881413872963 180730482413 491341607038 654847605106 892088120321 
26
243988922806 483602508783 971302075887 689295880181 607156016379 683834084018 689337034556 781292416991 853541413288 804929978844 134645354533 567484960226 110472760159 966848998747 504193447562 479778285127 730544824211 172652459960 866128209897 756057545490 89538645573 305165017423 52696457515 661817583432 484839655331 82839428658 
33
915799845536 395855059189 651614249385 753634595044 459705661403 993750267645 556069643986 628760103303 429437779812 372550267269 150899505476 430410189377 995009464790 32723910799 220402000201 530682061831 276244246597 286058274703 325368320299 498552351139 828003171592 742978982400 290206076880 345118293282 975099404270 200607812078 359557074330 903667158708 486625963559 784934190134 195496038215 52288378533 436851558079 
8
623663349656 511092771018 844390929835 204946876287 869272515895 10621944059 53239834595 110744225027 
33
843469404233 765939725243 9159789192 315398930938 351914203370 354567677455 736101806146 991351526808 530574374266 296118438912 997584783296 125311162834 329449993579 734656840115 25703662035 291579378926 932120578798 945744304916 155541393300 128619246408 130995800806 722817336740 271144049965 816531619748 865503371654 415632075906 126746760656 519501323809 539439691983 212129025516 673148632002 716094079947 415793245702 
4
580404653096 183634368760 56999409675 891766534546 
11
27298879615 762443197004 314242968331 594857225181 221808645706 623717780572 932285821663 243335255695 798959239320 112390068341 878705342435 
50
764746593730 499481135469 531810233605 718418458465 95649107002 343513534833 604661179932 39929665855 604008206789 975781788463 638210304133 607352335187 977382672781 761926694371 969192027030 618632112700 229720121403 386940692289 330804699015 684921234914 88081091286 881492414802 856211084406 146996312687 403137221235 839747680945 64886451743 694006642484 448244622337 609761398686 305931919588 639671036954 837659746463 840113922379 863850780733 795389516632 57286295283 805145422723 564527140199 380930192122 140420238733 789047154741 505705577212 820006890010 324543175877 793544453714 222525752182 50882727035 883556330321 339670808599 
34
420311668173 818628918505 267239183410 636284927492 770992176416 448085675355 45565990302 657019285530 342733905481 333724777824 122904355416 785589361109 939196377817 144965254364 184912719089 696796903421 752082344920 471001543954 892548093867 265207861699 314671838718 967931686068 109693561342 362964221116 415450120632 403248744733 894474906536 656041151413 149384287704 506625111668 883842458498 118610634759 812125681217 426447290393 
50
719210090069 174974406077 329413048070 800535499818 467685737530 352639457802 385059751939 509294816970 790837506470 900527357733 942497451852 21230594858 898604369542 27889325709 362641653627 740382951874 776617931688 383890770138 27988886071 171537693362 913670858147 996430272824 310535272029 765279295677 779826071842 921447591732 289987603699 427214818701 310824470029 960418396119 170363191719 277701670631 691211407624 10149070565 713971938933 99801257055 594159351779 609594889298 407950639892 636879028552 233123358527 126015764999 960767016602 935872473401 491220929161 783568134201 212966336983 562975863263 938602416788 451440144871 
27
461451204503 508934501997 613993874090 190007769940 414072245282 855623885633 859704666060 321035080167 92298337509 28112461301 686996947641 87484771379 884725249669 999596817701 515637945338 887916799594 433354970107 836772518943 757328859567 8530820686 601611058157 510684498780 779343655201 827515878694 105496986442 866790784813 91533050000 
26
968172662876 7556259903 280674682240 572770640158 134941805584 239603686386 427735947220 265320604402 528689263472 999446360835 494931992431 268049921958 753467633806 541989096023 857686389831 676968923861 389432107686 328851208170 306154762433 998770398885 755613474632 749833847588 398444894405 217394417102 539868713348 471224118191 
15
813107264384 161228851763 650796548136 925731519592 642634384285 584230917138 420191031800 61827838875 337412486067 131073991884 650754558975 213586371125 564681963859 924335550662 909775430520 
49
866209325231 840101813609 383169756990 305406297757 706404239826 559014468618 542106234735 438393678283 206148225123 61314615103 128037271468 686686913366 923213318290 529152919373 493591767037 325990077088 697859760199 596549077766 413437797627 143718729888 424752954003 558185245549 145483455965 261677588431 190998403746 851774683564 978004045246 181550021735 901038127578 70295925702 159184429532 787154209104 639149917596 834452034315 214197574796 642429286439 656500846142 168086941403 363410362729 56785963875 959463000839 469369604016 760588130788 455915587060 549791055872 982445861707 16976183658 962996850661 719475060276 
43
161452116659 837767079415 419076327338 692613409343 117112466897 106586646270 789460348275 371319054219 204505044404 539171344222 522959329715 540182909106 477402461474 686207378084 360891332430 126941751732 984815233654 290186615609 408566631848 426465005253 854464294682 808963650984 387269165077 488688522353 998186608308 236718318327 984225451228 461063999413 285842736959 725447464076 640788024761 989589070633 617597716302 133065522314 385733454316 86499404514 78912166912 657819824250 413068280694 969008137392 716525991855 944914020361 961390851003 
13
926267322457 326831769101 617495383086 750517740605 568689557577 829952869812 318873316169 194726956173 92674889634 112721545146 109043814703 255038877532 394202475569 
31
33431429245 969639259158 219447510450 217358623501 217249882821 423012175673 103340558569 544922152128 616134014362 923689394332 404904250738 7676435291 924593655747 841678153119 132453234138 525435183291 242111596764 981270263035 529300452407 887407830763 424196457586 181206145398 761429219226 856706211881 521821704570 38181048396 794470092308 621805338770 59901279862 203732993659 457891851507 
42
363065145998 637959353414 989317706329 785387409883 177611571539 474830068664 325656820751 880705750730 930250588383 511343791789 492547974655 28529420938 734685194328 592770685876 865306024898 164783661243 572703668757 951119514716 727770711372 775886358741 181607863370 678151537640 124213227840 512594882093 475893188679 52845960767 747819265750 75501278858 626721902593 698065949790 642094783793 882438764725 88906116508 346424723571 451230603544 47953278011 61585550798 652244477970 394487355002 222474224928 59956031031 206363024527 
36
124648574613 691120643842 25590365849 568403996164 946962333935 706518258600 82739765583 940653547899 436451383726 463139380681 272957556007 730621984830 116861371336 413489836616 47372331383 779825139695 80181702315 503440142559 391027563137 93056571842 141282650159 459562900420 756600008244 257344440501 131247221644 578169934970 598691826054 886593241084 448857837588 682116412845 858744213207 554785027691 152067231472 760442161995 292835046013 100493223586 
28
399972745268 929172126681 430497694202 771002171640 891361689850 359639627287 996415264416 709036380822 564318602070 14706741047 617698019879 967469282466 373044225651 338908999399 554905546883 377000005971 966355228494 163829905239 733660900958 61989796646 647306707542 641194946041 142208938871 213185199195 634698053939 403331697424 419279107316 841055835195 
16
80089194212 611605750706 357226314287 94610611776 596760885415 194990999318 617846888082 610317840856 72891735626 265506680440 500219253578 636325479964 684547156521 305563432470 919174907595 433965781702 
13
92680215766 732795435358 188565345890 237722770990 166675667793 372354215116 648760646796 445595927682 243408494852 734308232785 88571102361 968717760520 650845981991 
21
512506928923 858584249043 615210586396 154918537026 124951947789 651317763470 313730765354 447530341689 732092566209 907519931502 578496722844 786972047469 210784795638 50491185389 5039709341 784620035189 457874243039 167214641894 510578936610 691133659806 196901488808 
8
736931919636 440239956397 647987242481 388526566927 780822039892 724034629405 427828436553 314195285040 
23
388332182790 926697885806 966437476769 775997483242 741051717576 366814761142 42898190665 452914859258 857014181485 367648805792 265254361385 950980553079 762859343181 784553679882 690829587196 578837792155 787615015678 708079057097 372053304579 37120690650 459033293550 999799913458 378994535942 
9
175278397952 245835365815 750120428859 650784208540 867375491594 888925448275 902550492118 915083543915 149501266314 
2
269422455478 301191277926 
42
54552803038 255558824349 110290904899 4962321572 232321787588 438953516352 813990920792 354348723722 73342371450 192095535491 527230642978 912334081662 886890569922 453077403356 283425110012 215724233217 560526254790 266558236931 109123724648 973699950754 142682400035 888673022554 834629174772 244182963616 475286757578 422612150867 717878597405 270280475935 800612717675 394568460847 268328368335 206748983188 247079470584 38935381321 392479526829 346793475440 109428919616 889609305588 917462735213 628471606889 910575835428 835436842332 
16
562136930001 375955431734 589458120409 75658889365 468915329621 646780676118 567626245359 351522411534 899699062961 619646506851 876900559507 974509342468 2842583316 720951013455 379204484568 758773265162 
9
369455561615 104848091395 731994869693 623325155387 30771642004 439280519514 120799052850 826813702833 899260045697 
16
393928225513 749621139176 975200462452 11250396396 323228342220 364070828674 528755981283 110489957657 486802820101 154559310209 513113069530 933679649902 360928759993 332774839192 313162594707 339298387453 
18
596647733946 10185112873 662923650141 646182041656 495102549053 613782939027 874852398822 488815642090 276037915450 110783669608 804628042653 312640462645 326602616975 694828746019 184909128989 566334106777 356708513414 840845601755 
40
651796711554 973388504732 1998487534 847820464525 771594651213 875584805138 660817306513 257822673604 188364744845 137161751965 644546149272 296469563621 15801884907 123838827460 752232292648 770174945833 681163322469 59473642868 461583737247 303522132944 559678743236 226795126163 828160214904 289575737039 495905366237 357249546917 411708401780 951199257887 193321327543 257782663207 352006201453 323379086203 2679446502 492548014606 294285515258 892280231641 18574079132 510648755973 773820408222 479650209376 
14
880086719647 296463656994 711505882813 946112878064 53399070201 756595948930 385555163859 829972759524 817510056521 663172001729 625792652283 980777012486 617315215015 615936195882 
37
380708593693 598580300812 49623513351 487541429204 266883429109 485414223079 600866471479 555181061348 210702680269 268779006596 104182628748 279770829588 739755626339 541162596965 42982897416 754952601009 675328401295 557587397174 323151398466 334259741734 46383553931 440258677266 453709018060 252006903465 433773820172 652956165462 390235534398 336161693604 7710232490 324264708668 754999917620 502410713822 557178227323 53430209545 32493764822 95831128519 993380029911 
26
835757734887 136170846011 672878797881 907076180389 386854381553 868063599828 804446690205 92100424303 909778999266 257032504271 303719310155 492411465297 715453616415 768485500461 83445686604 722438609070 381315131574 684052230088 518371991767 404403603791 438388493743 743096513993 184099656983 32634148764 655279107785 765867684917 
13
933885851009 755397931584 15900466289 295829175036 571937303251 718036883200 918968400987 164037361083 911953102161 820413674053 689365389993 246097839305 165299841429 
42
723248485665 680836232729 487567489932 508388879247 895271624331 334916387271 480884976507 335587112273 737365809312 247923418481 688269329491 537695017276 454418447806 87780420695 961118377523 312085005724 267122631520 948794234747 293419694241 253283842959 667439743426 294023175085 445584197597 373245521455 650367679568 298462705949 560105958867 415642901575 645115723247 224195074328 494844314501 206926573266 469515687372 16379117314 577917079665 540279796204 587667582796 490919733270 544150059822 526102333238 536304959100 719743947022 
29
554950412932 194394155658 4115639745 902592408249 939855549976 358577581477 670016265860 476801384942 886356794952 176977565406 746575256513 660430762988 103261165751 371929108030 956835148220 418512047412 18561240867 505844022516 675006589683 713231633892 690046108673 719405919860 463143413854 447351397082 463776107349 688583204503 606330167633 470521661492 955065569849 
40
812778522672 165511781712 948157504851 658137157113 807396690940 315271294719 911382940749 293092564635 238639733145 158218375360 908103852603 157235632201 271241597024 304470306575 207433229936 560623821557 843798613413 779299540458 359428455325 203745052066 855544968450 607165513149 244650973058 613721925976 930338282945 843600302673 812048559876 167258634916 669520601133 593288993743 277645137528 8419693511 63167697119 705039427874 880193205896 71140830845 99364598803 616068245454 429114492060 817317271314 
45
810202239815 573192996426 638359414423 85003514297 378102240682 925580821199 993265811399 101497023242 709775717796 3991835185 967564069868 38988875660 248361669478 830034381329 883643480186 423283808301 285529852491 255595268891 701630605487 867093642259 322264908217 633679570330 388027600332 682131694732 276279263572 311233711031 722454680977 806584634416 238403110766 366860468189 949192711414 281897108994 142188613899 85909166580 131781802473 620919289114 62792744139 267323769229 618953248700 839957401348 566390492615 983891173200 636089559407 757812446259 754953175314 
24
205155585055 609839199450 503829460957 826955528371 23431882288 445881962788 36408380746 501577877433 971893308430 212950651703 353321406642 618926084966 347573063002 215549004701 110899025882 171220317536 455861454044 938143902997 434090599822 787213038707 803018835590 747346193736 908799769856 968768431489 
13
828386046290 77778544587 239372018155 179567539748 460228628224 420230075557 775205182902 858320697114 677000306321 628961201968 935189362165 304962550358 182431990441 
6
209064397033 55550280351 963481683214 854794680728 109410632254 202871485245 
42
290076252648 486730237274 26085054497 648499146094 18025865958 400315215469 657065199267 102616442670 55830559262 794678353327 435380267699 320850418577 222573027928 228638664536 743750283566 654932535206 211151288566 258312786728 945026001883 656362152721 568014450009 75364766325 362054979712 359984771157 538736745619 177857711780 937899755576 9358405406 919733785125 687407762871 647865532456 382886419053 462771298058 951090097485 888381101822 671172320757 551998900570 656252911924 933232257276 721256001565 834730118249 840993869960 
37
880315563377 277919378970 225600890986 582100289738 533002478617 467653498944 453352657909 966845881934 749602176551 525864706874 471728226591 222512805791 371157509880 353686150093 351935276655 193482875057 318497913736 905027636353 569787685429 770299983898 94217721745 178111806417 345811726133 936984017739 556779764808 916559031257 668622981609 592959040121 541073047204 199177806555 730373584784 597769175559 299069187553 806949179042 587589385588 389598771765 285452294158 
32
808261159925 738453215086 558892161775 913733246318 558880528976 377660809927 591023159144 485825937826 315901126078 473210836267 782775916277 962534886421 913532495395 232110897381 11920620868 273385071399 239237710351 306378420837 52432512025 234950900474 674411055126 73701314277 865424205366 406626323880 118507689203 789214858015 270419448248 421117510527 485148323261 87208638827 888016536482 157227464352 
34
790291079112 213245104712 642819587049 622480428186 89504096272 478608496196 943731143233 287493734545 562227211 853439644780 393386886624 771597854489 96181890906 367357007024 182705236328 525901101289 976564743194 881805133504 373246802589 78942716362 685037133282 328844932513 181830530225 959645677632 858392309327 76038006391 902500888713 11766375236 672279969884 202699766457 360738464256 13932506483 784780947973 336924527569 
3
359986533592 353210805499 645541649656 
27
597883375495 519682981785 707655535338 628910469150 579975119112 621963031469 143000258403 925615570865 965845531543 219711398415 506798892241 391981567970 919367653696 686138927972 321838178990 519489241284 661526916941 928445489663 128087262349 601978731623 450523895487 642424753414 683142489337 808354333544 910362835436 6308342664 584074193359 
37
283383042820 915249431947 471411600222 553972025279 590531998273 907495878902 421953164180 106928726995 98389190013 334683302508 319856898730 499227514634 407602115978 867319712420 438750084962 338507406674 336583625016 143707322929 674712532669 505322258279 604852403412 334511438963 469758314283 534270029753 922410369598 498547471670 446184725224 593397925666 321033737189 748520337657 250389755658 284066414001 894954594237 153236319814 142159400421 341619973936 509071557057 
13
907406322203 622812988159 5803581773 413975268449 366221992000 59307995595 155958448786 965033403208 562786059041 611564812744 986390931438 45268830210 716529536105 
27
125045754823 220375162213 485454554730 523485069047 522466546904 983063701525 892709154636 381009046881 550034900044 745630387329 805930448534 996548980109 400454347321 540149126846 421380362393 630461776109 3263430812 456334271508 492739581544 174630057736 563797949737 462305459535 337115774565 530161519157 639722211374 859254424449 133434087189 
22
672373955332 95955898983 691839004554 676558664806 802131297780 773628530719 497357161918 257694986923 744535530191 70212861087 241351474029 938140329047 994119623295 280915507142 688412642265 820425951935 707491159932 54641631039 688507430118 154700756287 850114577819 737432288022 
36
710504231058 527030356899 314469040846 700116437305 481103209536 889003574259 784545861509 977706801174 124216709124 379698551790 793568520692 312142230269 42139012329 321233175010 31886670752 777461067297 128979807332 903390626051 987835221340 637275790981 188414437058 382277553434 913487696948 551402129208 447354945564 7817104909 287327501472 650606198516 250191022167 953324369061 414947184919 285257852990 684921127389 415787904640 675397454248 16713112404 
45
175677887677 487356387033 59233710392 299752209743 496864209931 108138041357 190963136201 152708700616 478578674146 89545076457 151898927310 899963776862 564369830204 760966723477 143506357341 557687449028 173915505329 753691576605 621737647059 176597557863 643140914096 584855978031 135038162680 545077320131 806350422414 1558692721 285877075532 373724730559 51838969762 522966625082 898508570150 109094659587 696972750144 774802397696 139228963748 813188478300 727105496331 302198439407 933448839256 277178843256 84642855049 72072678133 355812025940 455951855971 56486218015 
12
580364442427 431933917913 550743525926 194448112399 810156874614 353659029249 252225648189 649613599695 644968920136 598562990738 35651694900 278874066273 

