145
27
6325812 9717314 4726882 2225594 2555584 1550565 334104 5799822 8390221 3622911 2695786 7977465 7016427 7122907 7135893 8299543 8137062 4268428 7176961 4518414 6339195 5210495 1135703 297000 9577873 4437612 2412798 
81
8097572 3726715 9671896 5377796 7243441 3324708 4431565 5285092 8924174 8205244 2836608 7949157 801686 7706884 1975143 8249535 5358878 8690510 3923170 9588156 9884352 9106932 4827286 2634661 8076325 5079309 7588489 7430067 7353828 9999369 708402 1882390 3581585 7967731 2420920 744294 4015106 5212166 9038494 839811 7412130 3390928 9381742 8053360 4908830 8886805 4861871 4764564 6297726 9781904 2853139 4200766 8280227 3973712 1434083 201730 763211 3880661 2084907 3580692 4016314 38151 6558884 2874217 5089674 9955499 6752655 7340178 8563877 6081053 4794759 2116099 3444411 3927829 2116666 4479186 7583289 7502945 1297870 3538697 6201802 
98
6656112 7972748 239461 7758699 100982 3426562 205250 5689884 3050432 672219 7222072 6623757 8931439 4256519 5593875 5570736 1553454 5441817 4264265 1710581 7627747 5023911 7810470 1640309 6161851 9637195 5761054 7183388 52811 2364290 6323960 4943831 6016681 1779909 7389432 4940350 6033368 8727714 8149574 7883713 7863689 5056716 8885773 6971839 4806521 1747099 9904924 846953 2223669 5787444 7752916 4434366 3969538 6326916 81202 1256996 9686228 5810739 1314730 9947875 5337880 5920474 3543681 6229392 7781668 1075318 6756801 2355405 4523755 4162673 2313028 4678651 3618177 3593736 3208529 9275807 1491521 3027928 7446444 2770074 8180924 702048 986472 7124609 1930377 9800800 3399196 5539819 3671545 6640430 3896703 8927906 6688822 1306526 6722992 6873180 2081829 2551456 
16
3571073 455284 4788119 7645605 1213743 8517470 1417208 9541329 8738014 3446915 4908305 9299699 2783513 1130534 8858005 5287605 
56
8729722 7463318 7047201 8695831 8471700 251495 7543154 4285991 4447355 3445687 5316397 4587286 3320411 690828 6915576 7938618 7758465 3943356 6192440 3028739 8286387 483920 6755015 5553723 5700574 4158241 1050841 6567790 4056243 2813030 3678614 6122571 7503637 6342506 2647657 8564247 2007957 3670081 2272732 8962124 7769700 4987499 2947777 8559478 1849448 6943891 2770673 8380790 7446144 7342921 1721008 9917406 4072789 9066013 803128 5657337 
59
2739405 412803 7940102 8445403 3799494 9713250 9325532 8996566 7292687 8478961 7547440 6965760 4214804 699596 5554000 2407059 9232739 570491 2644551 7939009 2526034 7410362 8412024 2368651 3061331 8678096 3117833 7856002 9109440 6780934 1976258 3455945 1298424 9018207 1821806 6754481 8270967 6602789 6535085 2318466 5095585 8536352 66941 1295820 4186988 212771 5643064 3524530 1222875 1342108 2725608 6121848 3220616 419781 8509721 5629 2370478 3967452 5989077 
59
8689399 1834793 2244831 6694302 3607881 3230182 1843740 21014 3602157 9488513 165568 5276319 1759686 363948 9725679 6098117 3405563 5584454 3289152 3327641 613093 4869749 6652231 9672507 9888195 2575233 1900553 6716248 3360741 7133972 445571 3911647 340565 4110500 8723220 354825 8514403 7285428 2701334 9859189 1784830 7138053 4829406 8582133 6338011 153734 2156660 5585648 619407 4867854 7973748 7949419 98671 3983136 5887988 611355 810265 2191341 3763922 
88
3911868 3913607 6505463 4997373 4305610 6127512 3382377 5555715 6000000 2861648 6443875 5210735 1388245 8817543 1722452 9191841 8117147 1507868 8851866 8463651 1749109 4628557 8112378 1483508 7774802 7061356 5753158 7597201 6179950 7069948 616874 56164 6238356 3818396 8872626 3154165 9800316 636184 4706493 9974756 7003733 557687 8683431 2417733 8601886 7981886 2323190 6779636 4477994 4296559 6313125 9168591 612510 2863490 2488302 6565649 1157065 377361 8279417 6281070 4527540 6055488 3136721 4177864 7317004 6640049 5981581 1374389 5280212 1024152 4744716 1476070 3373445 5195806 3550695 1523464 1051199 4560225 6390233 4777845 34448 2218715 4167283 6510356 7528266 4932706 7329103 4415768 
27
4358630 8802843 2024491 2652608 577482 8019483 624891 8094348 4346139 6150733 2191213 9520468 205723 2594627 4109580 1488376 2918802 2287206 711409 5689847 7755254 9152485 2039256 4429333 4611285 169483 5925418 
84
1683614 8100964 2917130 7995999 2645244 9179035 6631680 3375487 8728703 3303409 4049280 3915476 4886630 8910476 9257793 9726533 8088072 5267190 9966883 5614632 2219032 3246069 5739799 6484633 1662767 9075128 6267486 181181 154578 5089649 502977 4665716 1520701 141936 9775089 2072493 5552608 8638575 8944547 6940085 2317889 6836100 4714853 6453879 3127116 3199026 6976714 6336201 8250253 6315037 3171874 3485661 9499593 3690009 7967926 1147072 7871431 263926 1450387 5429111 5642010 8995563 6161014 4619849 4219244 3154490 9964603 8420770 9622726 2666706 3930569 8763165 4164658 998617 7577081 1897310 253101 3747958 5049713 2437633 9361839 8241406 8229348 8960280 
63
9746771 8178525 578913 5358483 9335969 3146671 9167005 4803702 6206885 7101539 2560804 4072443 8422113 4263417 2330114 8840773 3186769 6216243 3014210 3982964 9759602 2660156 7065958 2030014 540290 4267541 5106210 5437075 2273535 9924094 8246812 657398 5267485 2556113 4497745 431448 779300 5414113 1739786 5157122 7648847 5058011 1824196 4898045 7493061 7438702 4347294 5621207 9081333 5390206 6848980 5005196 4279237 9626646 6691687 1016357 8284400 3394578 2669853 8859239 634661 4571884 7449056 
27
3112267 7663424 605674 5202998 9262400 7065842 6640865 3546933 642288 5864237 9012591 7962362 3004350 9171304 5987607 6309289 4762760 7390908 1604180 2146489 4796610 12667 7859771 3438706 5948236 5897495 380558 
82
4111425 8832605 8322398 3114672 725798 2336395 3867016 626149 9907310 2022654 4108932 6726795 3802484 2692041 2326222 4231005 2644952 1793823 1194946 4859715 9128192 2858110 8365256 4946143 5523304 542492 434191 9760243 4328126 2858923 1271490 1540696 170092 8340648 7841631 2855390 5647631 4680876 3152134 9626325 4279142 7613269 1396962 8770103 2116165 9962309 8829124 917102 3798726 3344859 3118450 2997417 802899 3291800 4074205 147404 3530297 1914649 6951688 1165069 7883887 4602389 3862017 7925482 532894 828624 7684903 7876514 7742265 4953085 8740299 5088977 5073894 3320827 2997695 5239068 9478994 961726 4132838 2273182 3552874 5822464 
71
6586989 6504378 6411368 2061675 8202510 720245 3263001 2568138 7307396 8250735 8278280 7055386 6730921 9239018 1058320 9193855 3801004 2993534 6787902 6982835 5713823 9220667 5691052 9691161 7629231 2708040 4114152 173323 3072036 3525235 5333878 2001033 1128486 9481285 9047556 8003180 1389684 3045555 2043199 5339853 2523200 8469176 2928848 6691237 658411 7249453 3891315 9129145 5934659 2700415 2173109 1485273 7097608 6367123 9513833 5231070 3123677 9691216 5160565 3486728 4260407 907752 1639399 4699968 153514 6672834 5035268 2414527 5537571 4447584 8264412 
36
1256706 1682129 4865265 679493 3912543 4983108 2582577 992020 3292274 6040252 4018101 4932348 1942601 6739221 5803472 9328878 3835078 5684884 3259644 6566956 9999526 5652309 292872 3146651 8193628 1178563 6329108 8864368 9598284 9011832 8939789 1196304 8266995 6494726 3093357 8493245 
91
7566585 1656624 5626622 1852745 6286290 9904456 3675597 6855372 6388341 7333354 7795659 4035901 7727247 5937856 6991748 3411963 5663051 5234684 2733914 9880145 6804297 3382941 4701486 5410125 6535562 9186884 9182334 217999 9624978 2075366 7105364 4880864 6579889 7055419 1551289 4242624 6754128 4522682 2389118 2686898 5723482 4367699 3210557 2958198 5191240 7166235 1404691 3515584 1193833 8762808 404358 4345063 6049655 4982100 3215984 799054 6145803 2906097 929598 7958949 1241430 7166449 2838422 1947457 1877805 3202131 4839090 7011095 4666035 6328326 8043372 5573242 5894361 5925651 4989592 8298197 8753717 1109223 6813006 6216892 8883554 2212045 3707520 3551846 5616041 2519347 5894910 2953397 9378354 3303837 9563503 
57
2437131 8397219 5542334 963188 2709619 7328321 4535802 7300959 9183780 8337564 9829098 4209294 8029050 8676375 4338022 3978338 5079685 5970578 2809943 47546 4743145 7154475 9885202 20532 3978633 743242 88384 1620296 9042261 4626575 4622947 8642703 365031 6135425 2355182 6624557 4620810 228373 5102699 9288838 7027078 6689362 3332481 2767615 3105910 1487383 5659478 2989868 8991268 7929238 680860 5327927 3693432 532206 8210586 845210 1668055 
38
7396479 7405523 3596519 3190984 8940725 7176563 5961159 6347351 5834767 3422393 6324286 115520 3647696 1928463 4418506 7061108 6782433 4520027 1680656 3625327 4000006 2450451 9507580 3492555 2911287 8781350 7598451 65630 3964031 7999157 37122 2136838 1430160 3857345 9427199 2455451 1242360 3352778 
36
2029605 9780674 1268378 5841853 5535544 8133722 8292096 2972018 3825339 4136648 1888312 2941780 5248632 5538168 359253 1202978 2365623 3020101 8799689 875219 9379569 2860381 6758989 6555213 7027403 2893526 6479736 8107662 7414548 3328823 7309239 3189777 9820052 5034079 1821429 9982752 
73
5652392 8210732 8216017 6653066 6974066 5529254 445755 7766673 8299128 7406231 9608691 9083039 6335462 3916640 5660235 333972 137342 815480 4432501 3481808 1477712 6622650 4272218 6380665 5912580 1348811 7335044 7671282 1569366 7336489 7685817 2655456 8920459 3929699 4587575 6013907 3105690 5004345 1743145 3416168 5361236 6632554 3881335 7818087 2703843 6465451 5643559 8630020 652991 6319439 1274564 561539 6004954 3159950 2894609 9222124 6567313 1540656 6886317 4190831 3220127 4266799 3992031 5428234 1548388 5629780 6529489 721880 6117183 9384599 5626882 5140505 5539343 
30
4204590 1264758 328459 3093978 7021340 511453 6894649 6490192 8312148 7049328 9612996 171777 5884819 1704446 6375995 9716208 4607174 7535214 9305664 528626 5064579 2105891 8407608 1831935 5209183 4255400 1005615 7534453 3039176 7780650 
89
2016055 3726642 1375978 5708154 7170590 6246961 5581672 2069969 868956 7377609 6313778 7981577 9345322 5709605 7973772 9797531 866516 2816345 3994800 7275538 9430641 2088452 752526 2131295 7183575 5193058 3852362 1523556 5654460 9090612 7009627 4085643 5213128 322658 9898631 9322258 8613398 4819587 6620314 9229367 7836230 8167407 4169003 8577710 2357582 3548177 7477747 8649297 5749617 1425440 2383727 6594856 7733866 6178557 5777010 6648882 898683 8954034 1319980 256647 2939014 2740239 7295802 3795356 3573307 8342591 7600512 7853815 1563429 8416232 3348710 8856583 278926 8703089 771112 7049156 4539638 6707604 7098906 7866387 5139553 3632366 7733516 9424384 9715163 7817221 1828576 7916749 8852944 
68
3856655 7710617 868046 389617 5216060 6982878 8723412 6997069 147673 8012495 1621706 1907357 2832746 8719226 9451168 7116562 3856018 1972269 2510446 9497104 5335146 9804646 2440558 3454982 6243778 2094288 4526838 4008500 9206231 2217853 4313540 9725301 3603157 4599951 8982282 5701432 4825436 229981 3020858 5248755 8046915 601207 7748839 9516112 8712992 6675569 523628 2186764 3188002 3985170 8125747 546749 2306908 9629882 3700897 3381215 7703942 3724610 3535002 9364358 6231663 5501433 3050151 7046378 1492064 7532993 4682851 1251532 
68
8703764 244886 8764544 2596964 2229998 6352767 9786027 7563098 4219782 3796805 1113266 1942688 9273325 5598711 6706479 4490024 8345545 2086902 3718418 3965338 4237398 2962693 6958502 20754 5175964 8125576 1394514 7191653 7829621 6312416 1594782 9556083 3708707 8166934 2533230 335511 1680960 7032504 6916740 7058046 8119108 8079485 5690038 3712227 1384486 3691659 1734423 9749899 2663445 344609 3837079 1240834 4303444 311663 4690991 3597381 2229852 7588860 4785679 8758779 7357487 6716781 5240419 8376991 175976 7300168 5254291 8422878 
29
1569083 9422700 2501161 9993775 1236715 5547064 4689624 5051126 9343623 538385 3629723 502134 9707659 5376130 8737690 5189719 4576839 8502372 7926404 452904 2259796 7698647 6623975 7644976 1403220 1511539 5203457 4933097 5131867 
35
5825589 3236217 8877812 2126393 8361022 7097002 7742722 9689204 7797735 7209906 455936 5788865 6460578 898845 3876905 1519373 8550399 7483972 9926674 4587511 1239447 46762 4803141 8510932 2749560 5462326 7355841 7573977 9610014 16322 4734365 3367709 1626449 4528480 4379419 
69
6939813 9670356 8989355 9196054 3043279 9859530 1290349 323672 8571372 7477611 666903 1172208 2172623 5483183 9915593 3119795 7249104 9716516 8342061 4810375 3135968 6435257 6614485 5571285 1750529 282294 928233 1487165 470962 1458017 1252503 553146 790828 1699030 7948202 6112374 7037387 6946361 463890 7544727 8337253 2072373 3202063 5229224 2707213 3897947 7038704 4756572 5135876 340316 6670083 7368577 8162204 3617980 693378 4107125 9990946 2967062 1576090 7178726 4317348 1541221 3943748 8316597 1396216 7088688 1328728 2616353 2972959 
62
851670 5033785 9367803 3441429 6671272 3924603 4036632 4047480 3628890 7853705 4694674 6313818 2411193 2205247 1124106 1081001 8599431 8431366 4560396 3725135 1036456 246562 8735949 1304407 7727658 3762617 3325302 295273 3403029 5455204 7213611 7545205 7137136 7373761 1920689 3899361 5166206 9738549 918053 1211776 3920537 7385258 4223931 1414166 4602636 6261434 3789298 540392 354893 723095 1722861 901547 646935 4449523 6977606 8668362 8285319 8524 432582 3854291 821591 2257422 
41
3745992 5761234 4973436 5146692 7532248 2151246 9348980 1503899 2373332 6742688 3530339 2056591 7387725 7622237 9181664 6531724 9766989 9626472 5719659 7061777 6504838 3133610 3608265 6378365 5079647 1632745 4041570 3433234 8105547 147263 4957184 5874254 7672030 1811818 4640597 3066273 358669 2887093 5047003 2647420 4292597 
88
4013985 7308471 2851963 8355622 5027177 456603 795197 2959670 8286644 8861075 2563594 2364683 2967726 8237372 199898 7194015 4498919 4791996 1749714 3819609 6777289 8439960 1633568 471648 4489015 8963222 2906157 4504805 4411498 8996276 5386518 9000754 8144143 1441981 9478040 8633968 8982058 2455261 8987130 9141242 2559140 3030188 3348125 9159028 7306678 518724 3646010 8787079 8573562 834006 5756987 8731138 1084619 840797 6672068 5821252 2274671 6053242 287432 7597979 7597931 4084407 3762987 7994228 2665430 6710417 3432494 5074252 8735414 4298635 3601144 4607308 561540 8039107 7291638 3202572 5560440 6458412 427068 28007 1790081 4089575 3492635 5061107 5323592 3640535 6962942 4134069 
73
2910525 2661160 3312331 2256381 2064177 4591610 3049625 9191530 2824080 5179192 9438261 2906846 6550130 4436323 9068283 4823673 8563463 623720 9800354 9102226 1606613 4966276 5732689 1592076 5327902 3986339 6339350 2387293 2286572 101187 2515854 4565892 6579090 3922184 3633064 8694150 9211407 1034631 8201796 5609117 9517831 7411484 1159695 4013908 9271598 3271246 5518517 5617001 4270015 9753858 9029010 4366237 1017242 1519848 7490703 4215146 3017602 7757370 9016160 6143748 639060 8721073 3888366 945062 595407 7719654 4458929 3708763 3239471 5756800 5235286 1590796 2199306 
55
3746083 9501743 9090192 6357158 531551 9215396 2000314 3787217 7447208 3908465 6698344 6465076 3085684 8330607 5147491 5604296 6575845 5672162 5301460 120367 2864729 999951 2320469 2190900 7231811 4971574 7399049 9354718 2673820 8365665 2537032 7974991 1248237 7189449 1999469 6505804 1355151 6390479 7268819 9735757 7704135 6855164 1818694 3172397 853172 2777190 1617386 3077587 7421496 9141259 1541911 4143862 7972857 9517362 2358683 
71
3284553 2138407 9383020 5397901 4645552 1118382 8301508 5300046 7304263 2235922 9171548 6748508 7970029 5585894 958432 7426899 5153934 3574723 5928297 6248149 8748042 8747391 68653 9144987 524541 6308759 58608 7017553 171948 1423491 8749900 8006246 3400555 6433591 8525592 5192938 3152324 4567567 4679593 236274 4904576 8580731 2941435 5736286 8070030 1020428 8104852 1817060 9203998 2420380 6919444 3077883 4022103 951473 4699354 7898355 2775153 1502827 2840734 5140669 2557103 8859049 9818905 9779185 5313921 6215063 5682243 4520911 5125887 3384165 484392 
40
3894937 1876395 7503375 3177259 9811091 6540972 8365060 1496002 6349003 6948601 6835887 8824046 4952497 373898 894383 5600670 9987471 3986712 2799142 1076292 8001641 3977352 3808135 6408073 8929671 3388669 8785781 6785123 9208344 801607 1149156 7499291 4323858 6434644 4751473 3595991 3618348 8072341 5152414 9038416 
84
6369274 9095970 5405155 9327169 5430758 1390803 1227046 2045518 7901273 4522278 4507765 3246629 8829373 3608210 6695719 3388761 8180183 4128638 6440241 7478043 2197209 1416352 5700803 5491729 6832550 3534400 9672128 1934706 7247069 4099805 2171063 2088021 2462631 669650 2379337 7852877 5893767 9945798 9242272 1076984 1777007 8239489 4070002 6757964 3893610 976987 5173402 4778796 9241772 2474624 8013341 9293759 3414161 7787823 5816600 5664926 4755509 8371776 2135955 4428256 5529830 8531826 9448992 8881737 4357591 1682585 1276544 2234160 6623371 7474924 762734 1686581 8092034 8211631 7980075 6689747 6546718 2202177 8242736 3787076 4812236 9110874 9874043 7750445 
29
7215514 7849493 8454868 8075397 96772 1710786 1663742 975284 4513940 4175219 3237074 3723655 5826641 361040 5718385 3029131 3487169 5146028 8232438 6312443 3218823 5713988 669357 652490 1483573 8995053 167629 7949149 6409982 
37
6943746 4302670 1866912 3990823 4148314 3596558 4816743 4951567 2643094 5315491 516480 680406 7181636 3646339 3176633 8482225 7022283 9745980 2964093 3111412 8118962 5333198 7541492 1272902 3472172 9865520 7837219 1322322 489624 7621465 7715757 6053871 89891 6148778 8560821 8057234 8534246 
48
5005210 9424232 2753254 1359446 9455609 8662705 5736921 532455 2667407 6723418 9944352 7366162 7058515 8815222 1147806 8538319 3979221 195342 2556945 6559449 7458942 8292487 4665813 2939162 7863357 6895744 8061769 2557334 3270274 7237947 915962 1676855 6948895 2111917 8106398 1484034 3325796 8120007 3936565 8752264 2068118 9302315 1622856 7720239 198415 6448433 5659916 1949866 
86
7579566 3322245 7300517 8956183 8423164 4812192 8011641 7536428 4356701 3831227 7050029 5984584 883688 9620931 6933303 3876972 3100194 1030997 7907113 1821194 7762325 748662 4108825 2408756 9281853 714257 5538817 4752848 6886819 4121477 5344599 2430480 6944548 9099213 6147176 8616236 5880719 247095 1028742 3914200 9383166 9344748 8478354 6027284 7130257 6962460 7232480 6867819 8012421 7079625 3535087 4053686 9967594 2073064 7524031 692989 122811 9257871 3337669 8144768 7315326 229452 8339338 2386597 6363890 1797627 6707202 9104377 4540988 7023288 1431979 7825973 2258010 7977841 9406910 9748160 2461700 3233021 7506492 6322150 2376112 1728716 2581318 7452015 5567268 6459515 
18
9803196 6675901 6419875 5884399 4712140 8235099 2960461 5937681 7653473 7671573 6862570 795609 2734727 6185601 9172014 8242283 1843728 9287697 
60
3108849 8061015 9158853 9995017 9461803 3942016 6169132 2771980 9121210 5203160 2582259 9340406 161171 1322846 6286859 9191783 3833556 618929 4665455 6196965 2535474 6439936 8254202 6328018 1021087 537811 6782156 9204284 2218784 7149863 5597507 6772164 3789311 4629683 7527908 7690229 7057168 8801628 87884 5454881 5106204 6821311 7497965 3554729 7427832 3853385 2998348 4517310 6611677 4629076 1952531 5629587 6715621 2773122 1784115 3120122 6720199 4480938 629708 4291138 
49
8165516 9814909 2939957 1610977 1650552 6735132 4222244 8072203 2012568 114810 3102665 6413796 6632323 1174739 9584564 6864021 4227925 5901177 2774270 5472421 472900 9188771 6327478 646097 5101897 3625912 6206272 4102431 8511409 6157320 5660469 9539734 8998877 9721554 5387524 6883841 4369929 3281739 9516198 6602015 6658769 8493895 2732754 1333312 2499470 9230117 3873619 1001696 6373794 
49
4109687 3754075 8201442 618389 4109782 2736726 7936069 276941 1150408 4603106 2295487 9926305 9686533 6081432 287400 2569590 9985099 918542 2892326 1382852 928789 9479532 3771082 733431 3690694 3501191 7398818 5569557 7389612 3964713 6151164 8760787 1167595 3822318 127730 9584136 3215074 4626517 8419689 1971807 7216820 1078423 2706228 4844453 7160854 1158323 2646212 292285 3044001 
90
1065051 8830044 4946096 9397932 2561308 7734896 9438319 7502552 2169171 6830525 4034848 2024069 8794218 3669754 6267252 1672500 6385654 5962342 5155010 363792 8098362 7509901 6607600 5323238 1158002 1516625 4429186 4770416 6648621 9395967 1233523 9236566 7489058 5114338 5127376 6609471 6364710 9624747 7605130 4203731 9885265 8630396 9664857 1367848 233352 2819657 4904278 7375642 1477591 2646585 5597823 2369426 6247241 949604 566216 4660415 2659710 7017410 8524306 7321294 8888209 5242968 2446154 5093130 900325 3145818 3656852 6632735 5946182 3952257 2134494 652882 5879693 3414910 2613133 6250485 8267194 9507243 7059042 6250271 9522806 6172514 6850011 749830 2880165 9658922 8601437 6052206 9489378 2555778 
64
4060456 4550066 1165020 2841169 9636425 3471477 7345473 4473552 1199662 8111987 6187063 819229 3474210 6810457 1691955 5866710 4177381 3994453 3746527 8996549 6247203 6211459 2088271 1952833 661656 4084043 6047057 9317262 4636943 8292369 8763852 109854 3113459 973107 6882768 5357775 5413634 9241700 9519175 1503054 2837910 792396 9771543 1443668 8946910 3868324 3880616 8544991 6216294 9398442 4564131 2114875 9234860 6402148 4521809 4390063 8623992 1632963 7269587 1895659 6717372 8637144 5391640 7989512 
86
2015439 9571080 940812 107203 341728 5075255 5355802 7822928 6204061 6942907 7305188 6347192 1129646 2494995 3198149 5060918 7588612 6716153 3199476 390380 6914070 7438631 1700505 516002 8398525 4125123 5765800 9522794 4139483 513458 5634142 9608773 8848763 9548124 5418923 4338219 3992583 9741910 6729040 2280375 2016108 5814826 5018704 9574863 8040581 8423783 9457282 6246719 1552593 9706891 8843209 2572259 688183 8629562 1574747 8227895 2380915 6773733 8539296 8079016 3532041 6494952 2257501 1845500 8036893 8476087 5727150 786206 6639260 4940021 7991467 6529168 1703623 4851454 9342224 5814332 6089528 9899126 3604886 3004290 9681129 3161917 6678617 8790835 8426348 2671188 
46
6761873 2696153 6646294 4810492 2934468 7029838 7898724 2377972 7719274 8371833 207138 4392546 3448495 2385827 6684204 7767959 8727114 1951929 9520481 5123534 9863689 4327497 7878133 1904926 4451374 5069507 2323577 225389 2836464 2654681 8890454 8676935 852523 1652825 5397329 111749 4525360 9793559 7528887 8773106 6175360 1969234 5719140 8355834 6017214 266865 
55
6700714 8642880 2038738 1466178 4513067 8677289 9360254 5626997 711820 4211181 9863886 2627915 8687853 1341367 1655373 8097568 6096167 7641494 7407507 7931104 6369452 6190143 6012384 9083893 3054967 7448482 8933338 2187999 6140233 9839803 7645240 8659641 1890702 6829619 4849978 8369500 9698239 4861988 8093739 1207244 2725649 6191663 622861 5289856 9410454 399279 203078 8087454 5501576 8576547 9693595 3939865 1401098 9354894 4610742 
83
8806234 4688313 8700592 8882140 8253333 3504754 3040089 8592123 729475 3517685 3312429 8765378 8653234 5194305 3947224 9421061 5714913 4890406 8571669 7887760 2732794 4654517 7668101 6131866 5038970 9248021 8870829 8347802 6218380 2577135 6341963 330589 443202 2615627 5132997 7041422 4338394 9401042 2679212 5367851 1754053 9499259 908415 7040364 6834350 3392295 4443726 706054 4765118 1190159 882396 6212584 9311435 4321185 618268 844050 5754041 8359786 7501799 5373399 900807 6986702 499220 1508602 54250 2335497 4500636 2859831 4146681 4501657 1858717 2224406 8586967 6423062 5484209 7572622 296325 4968287 3649399 5235046 6144536 378103 7075956 
20
3250893 756346 8662742 3417921 6399603 6137743 3009820 2620471 7647606 1927625 102738 427283 6712203 6323320 2697165 5641112 5088292 3816852 6291595 5037440 
74
3915948 2937436 9870588 7168064 7420216 2430838 4277683 1276279 1536109 187025 6809732 4088581 3772905 7981749 5235590 5289761 3945050 4565614 4349683 5986099 4909819 5732681 7409793 1445103 3145868 8632564 1712289 4486146 3380229 827779 7827549 6007384 8907244 3645316 884195 7082858 912500 618105 2623579 3501486 4380366 1563142 4833868 3696283 1669164 1082257 1025393 5878828 4905645 8158640 2556018 495460 2788940 6955532 738459 5430079 4816149 4436900 5315869 3860642 2648119 9333425 1512936 7146622 3963423 69888 4941742 2343681 5175959 8638995 760085 3156377 5267512 8071693 
56
1495750 9770196 3621655 4360480 1641595 4731719 4868295 8002821 58739 646027 784873 2397111 1407078 7241869 6101166 9776639 5702690 3660102 2134906 9740311 7279518 2602477 3902599 9068825 1021014 3980820 6002981 7616807 7985211 7159750 5936078 1371452 947695 6617298 7722066 6048013 2362626 8567659 1837544 132572 7305504 5071246 6785665 7762014 8092730 3697457 1407119 3912475 544759 1251723 1065591 1398290 1245820 7776961 1539458 6666172 
29
792636 1152628 3174496 1532145 9265605 1462727 8804971 7940112 6103703 2982634 5439813 4494638 3785484 9198878 8507861 7322880 3225828 3586938 366378 8052190 7124650 3132346 9819982 8496854 7655817 3331571 3932724 7174349 6362760 
59
2144984 1991308 6675140 1884393 9159557 6330693 7616162 4486106 4064389 2927118 6202559 1912877 594884 3209914 5234216 9261658 3732024 5907062 4385753 2031327 160168 170323 5020236 9831046 1285523 1648736 8639840 1934236 5665610 8062897 6066862 7113998 5468061 8065475 2590998 9192845 2249960 5730686 2631328 392387 2511180 4014512 3063212 535487 9979434 710307 5723792 2552581 3999163 4314306 720973 6641800 6013170 6000454 3995314 3103492 2468588 8642874 6986554 
37
4831093 4860039 9133367 7698187 6889849 8363302 8203956 26027 5151504 2342361 4139581 1976355 1792161 24916 9234286 1176063 9486208 5589216 6975660 1246705 3553795 3328779 15315 2578555 331992 8071093 9143050 2460599 5271061 8472019 2272201 6144924 3639389 9037855 4738808 2886763 547738 
80
3673767 6059432 434145 818428 6447667 9071832 5709664 5037712 2350397 8652540 6867252 8475483 6486122 5744829 3561710 2460410 7796019 2156334 9051277 7697694 2572607 197806 9407118 1648171 9701637 6013319 9577412 4081935 3667170 6755359 4613046 1411855 5447949 3745112 3374509 5331646 1026309 2574312 7014654 8088446 4116599 3859168 8137875 8053607 7200099 8577578 8164306 8790850 3849031 1410226 7770020 5797264 2032516 5959939 4280676 8534334 2429502 7732494 9018827 1240705 4225097 3523658 272810 9286280 3344350 9092284 7363414 7660926 1149004 1768811 4889127 3425172 8064925 3529010 5578725 982238 4802850 3197550 2220842 8704644 
33
5142790 3918400 7144472 321087 8434209 6793315 4105573 3750324 4900361 9885173 2892042 6647438 6812598 8143980 6889036 765792 6391079 3797494 4727482 40133 7788055 1228168 8866682 9090276 634541 9004143 4843779 2245541 6354632 5047562 9601837 8573081 762980 
85
2395795 7508762 8889260 6463202 3609671 5598466 4059480 2259469 9733889 4927333 4117169 6549026 7011697 366089 4081173 611131 7577095 2793649 9761607 1372570 6646233 6322438 2616907 1693723 1298015 8501832 3328928 9967699 2325737 6642090 5268253 3058866 1198538 3694017 7479620 8164105 4385800 2640658 4270614 6724696 2847560 1627815 79905 4631570 1948243 6556942 874509 2991388 5411010 8541470 4771258 2754991 2054446 4580091 4263990 3079182 7624254 2063385 7796724 9604297 1988632 1325425 5639623 9770688 6271596 8876392 7645141 2215552 5931474 7601412 9079108 6344496 8531686 7739164 7997444 1903266 425455 906631 2885638 7365432 7863881 5075896 2708003 9593252 7352601 
99
5132993 8328642 3627177 6975568 2712540 8011604 7603685 8410955 1082862 9707485 6169990 7512174 2511571 8089168 5325541 2134342 8512067 5262817 3887404 5717042 2157756 1980229 569448 9539821 3885125 927869 8867270 1994906 2356153 1359267 2177233 9505556 3726849 6794686 7593999 3466103 9266865 581365 6952496 8447954 9410330 698545 2233243 3891023 522836 4736283 9507500 7088672 8806915 5733438 5875567 1054743 4902854 4087346 7946077 9106799 5031390 5851740 8425418 4537863 688435 1746638 7915352 8529240 3403562 7939007 1149144 3692848 5615210 8144089 9292247 9234533 1359610 7344539 3386917 3914023 4723154 1059839 6459503 1092938 2556891 5763714 2453078 8565634 8294043 5293880 6135084 6257176 5914841 7613693 2491958 5549932 7797128 4260290 4804587 826215 6169736 7406380 3964961 
89
8784719 6084192 7473659 3341837 4841411 4120120 9420765 9805121 2053118 2427520 6810656 5211349 4619596 4169863 7491939 7263907 7753831 7560586 7392520 9801464 8732947 2590854 2929200 5862664 9189318 5444233 779875 9195951 5987713 8622809 2478043 5087589 976452 3877915 9889465 3194178 1455832 3052628 6505897 7736516 4260742 7205412 1046172 3839103 8491349 1805351 2667779 3809408 7260535 4161746 8149080 4192012 198741 1243615 7174080 6975891 5650149 2900603 4930690 4139599 6871558 925674 2310798 1487572 2046635 3188422 4122448 9649034 5383141 9402294 7152736 6643559 7092355 6940505 6746294 6446012 1693939 1865701 7249068 4636162 8389030 5501849 2539132 3094382 7643110 9636692 8920916 5982790 1970340 
83
9823258 2678669 7098964 8438049 1638218 1974172 4379519 3452359 9843295 8644449 4016208 9371551 9980270 3131068 662877 7903820 2914969 2581087 4464922 14207 7389745 65504 3772754 9078835 7787997 5993922 8605585 5332667 84275 6152025 5239907 1118891 4350972 5366233 235548 7562689 4399001 6697988 7643569 6717613 3600840 446063 183305 6160921 3889512 6865753 8039323 5547298 4751667 795508 7931143 2486450 2906859 9898598 8442766 1809094 4227373 2954962 8665120 1621099 1265509 6986300 8397929 4312383 4975278 6164047 3089531 5289517 3739078 1047835 9244306 4494546 9346943 9292111 201276 8134174 1931144 481737 6906026 2671580 6732805 3639758 4662128 
66
714941 4233959 9358375 715818 17418 7247778 5311356 8427200 5488149 1122502 2223004 6297921 1580408 5477103 7990318 3196683 2332176 7000433 3694244 1067073 1242308 8093888 723931 8326777 9381957 9339578 2270632 2821530 8930511 5682970 8684667 6288092 1345899 1819491 7749915 7119342 148341 1485041 129007 8365696 6558168 2414705 7707434 3307602 1725162 5000753 4628266 5491562 1410072 8179684 5468905 9478073 1949888 6366772 491522 5325985 5175532 1126656 9792835 9673008 3440862 4737678 8968842 576914 3530039 266764 
79
9090698 6768311 2766037 1228240 5956393 2928899 6608198 19621 9148512 336673 4106549 3134065 3552983 5730063 8694338 961456 4444305 2311260 2848540 2555884 4972500 8599462 3665058 6930707 9235562 5784675 7863384 6919562 2598137 5890976 1154929 8120935 7892678 3215474 5249497 7496747 2259114 8852000 246232 9725555 4693716 6906896 4957497 9022183 888329 2019449 8020427 1237029 4320071 8517981 5878806 6197571 7682028 413405 4731479 1596373 6725475 3954276 5572851 402149 9594524 6396677 7988838 1070894 3643872 4048868 3782463 7345185 9616349 7963862 4028903 1849157 6323317 7373538 7095936 7450160 130557 3042475 6753362 
41
1043848 2885566 1186264 8409498 6672863 4882226 3173766 9964485 8963574 5178551 7410927 547224 7146127 2678362 908232 5983807 4717484 6447153 1837985 6996806 5782450 9540408 5823066 3155516 6308388 3533441 2362486 563711 8776929 599436 6448767 82415 2589403 3829046 4059161 6421401 421817 233836 197915 4721349 5047829 
40
9868096 3372131 3990840 363863 3047330 86190 2121821 1171155 3185837 304166 2866453 4822760 7739422 4279056 9125760 6225495 8493137 882383 2198538 9787489 578335 2855706 8293297 1971714 6481181 1117231 928267 5922637 5029944 2262983 4555453 4745872 8734437 1807169 8106053 9976343 3407162 3959503 1960085 4742028 
68
6233305 3022554 1016524 4319821 5687054 9186266 2650072 1396390 8094270 2163946 5178899 7985076 3116839 8757604 9543808 8228211 7462238 8749516 8205950 4300397 7832063 8349813 2669890 7942090 2831981 5245895 4635698 5175660 2858375 1646629 3644784 2386345 5866091 6788700 4241516 740259 5889106 3064576 4221302 4255877 7780137 6950117 4168561 9027026 4935806 4039881 9256903 6424362 6603824 2695306 6418328 6331786 1408644 5855519 9887710 7436982 4435715 3203481 1662208 7385603 6178370 2976383 6650142 5987638 5504168 2550423 3646126 3429999 
67
685465 3035840 277958 1543543 3203628 1813976 3561736 5448241 4397457 5428606 9479466 1133056 4316926 5626724 2047779 9114634 9291492 6419890 766613 2701185 5219820 8812307 3983016 5071591 9461021 6984640 6270360 8993067 1237133 3666299 9997786 377717 60400 281162 842465 9241961 523378 4496240 3343322 6533648 6216812 8302677 1999801 816474 9326959 9824763 7920342 1164185 424320 4762480 4193824 1840687 5506135 7289953 7185660 242591 9344301 9185653 5799862 9198388 3619084 1022392 2563715 604800 7777525 633696 7295166 
86
5745399 1868658 8259944 9288046 3806766 7545974 9735997 766215 1350081 8433730 4193857 9994941 3521309 1054950 9307073 9174112 1111528 9539935 6077611 7981293 3735657 2307043 9692207 8753435 454803 95103 5744115 2567142 8958370 9174035 5924525 4013347 1303838 2707229 7307582 2810077 7424091 3770060 5396420 6019542 8368970 4495910 9441652 813823 3180103 8649310 4869199 2867538 1132176 2758395 3930123 979546 5041421 5815102 50755 7886362 2638058 9669200 1072964 5510603 2166781 6179256 3739001 279720 5217572 354054 3959297 3473695 8592581 4691817 1086991 1922871 2378585 5118274 9886345 3946473 597700 5278065 2131578 3591650 8249 8295358 7285739 6877145 4896008 563778 
18
5128661 938272 5720026 8419923 1186634 5232557 6126369 8800195 7664861 3139445 8558280 3039486 6361644 4783592 5778570 1619157 8289673 4813156 
93
100309 4693163 6405545 2851348 8988434 2384123 5173148 8547301 1791544 3359424 8889422 8763117 5260993 8212074 3646205 1506184 2072096 3331743 6136295 4858571 1653676 4974151 5161695 7668685 1894100 4370210 8156700 9793607 1754843 6216182 8351945 4999906 5618022 678689 2043249 7932590 248380 817502 7998947 6037339 9683375 309625 5143203 2099375 9236906 5485800 3672821 3149682 8191644 5527129 1200035 1015164 8419523 2291164 3676337 9426108 1685875 9501171 4260986 9369788 7376761 338941 1540378 6419563 6544570 9092685 978165 8786824 2440662 1655370 9768629 9249759 3021260 8292191 9803663 5843944 7163525 6993408 1879060 2247945 3772149 5284294 2496799 5013988 8185760 5195252 2222848 4283730 4455467 3633896 1482163 6399260 7962867 
85
280394 2552226 6417673 659145 7228729 9162861 3399996 9111118 940592 8392938 4782407 3717396 825971 1257680 2365190 9586295 8825950 3873065 6017696 3707909 7634654 8732395 2877362 6850581 6921737 6204607 2097064 7307668 5399984 9684335 395658 3438207 1533525 8360603 3953448 6142588 1177695 6405952 3148805 1950245 834365 3556897 277270 7814818 5681908 2634732 1206267 9261979 5192794 9606787 5106292 8247568 6649121 3619032 7807234 1496696 2980386 9768951 4590449 7390135 9410347 1927933 7322787 5450201 6615715 7314970 2299029 2888543 4524818 9422794 5936982 7851282 2062217 6860077 1381060 5433497 518921 2397380 9911836 4724398 3779769 8114859 674063 2251284 7374082 
23
6422305 4469565 6128606 7388304 7872766 7684323 1128323 9464571 8480800 4127662 460913 9813400 5215523 7646267 6228480 6777588 7314455 349320 1273632 7739234 7226173 8873532 7229364 
33
3872405 775837 5420291 1168873 8358472 8230912 1252820 5903397 1580319 4317855 2314754 979101 2369085 8292948 8407511 6832447 3084558 1945542 1368024 1037915 5728014 2878440 9069327 8330401 3441753 2973084 7727232 79718 4933121 7001381 5646949 7015890 1405238 
67
182282 839944 3859779 9213023 5152287 5480040 220118 9821669 9146022 9492884 5877459 9089810 7632951 5919452 2473696 5911173 536627 3160295 1147800 1120789 6536454 782400 2168281 9756276 4830217 1818651 7200038 7778604 345855 4367203 3209418 7039520 2197251 8597820 9782536 8201088 9951104 391040 4389238 1132478 1801181 1400796 1174607 4818105 5664990 6412237 5615805 37755 6520762 6482611 3051918 9224186 4055845 8783060 8897098 419379 2048905 8784287 2898314 6504031 2172558 5045379 3562022 6512235 549763 6090014 3358555 
73
9267569 7151601 9147167 7929669 3587830 4220017 1852612 3960742 3117664 5587052 6712639 2106876 528871 2764643 5985355 5398567 7815416 6217676 8971382 4451533 4660265 55509 2826474 748671 6372703 789811 9389365 5707019 1981043 9644512 7819340 9797167 6758637 6051460 8980255 6842572 3500413 9856302 2004678 5052670 7982062 6158198 602286 6111692 3283788 1861193 3451854 1030208 8068932 4181072 5142377 4522860 3669872 911908 2322568 933116 6037958 8637602 865949 77669 3534290 5327431 310183 9251591 746681 2968467 2016717 3129791 2523557 5129200 7401822 9761785 6914891 
24
4479309 78075 7721099 5660975 7112590 4211735 6000365 9910710 6854867 9132353 3833409 1761586 7387032 1096470 4445143 9183575 5983846 3097167 7021272 5262864 282789 2556743 6391872 3581403 
57
2440322 9652583 6177705 8669560 4281466 465120 5735183 2748474 1519347 1236523 9158258 6012304 7920105 109776 8243642 8688589 5136196 1031185 1700636 148274 3381774 3434058 6541887 7346478 6156291 1976215 5538511 7389434 2105893 822943 4521332 625723 3299553 8543280 4940852 3710313 1224170 8329742 4351259 9160356 5047415 624684 4794176 4667160 5328335 8197523 813179 3800135 3238698 4045356 4276886 7478208 6734405 8105716 3126498 7377274 6776911 
77
2668005 1225140 5439034 5402215 8087354 881174 7999443 1399093 9426515 5681864 9050889 9864170 4055414 7828891 3878099 3788630 6721325 6706177 384156 6710818 5195634 9280604 125943 7748360 807353 1038016 1848307 1509768 2252674 7961390 213521 9986348 7193548 5295789 1474756 927054 525925 4294610 7097379 859459 7929459 3529747 3894463 6162379 401908 3739023 6864957 2431794 502439 4024267 5403607 435442 8187353 6826657 6663604 2402258 3025543 8146858 7203026 1420629 6581031 6831695 2429358 2001527 82693 8641208 8419477 1194226 1442650 6849587 8289575 9015230 6150560 7530332 4072942 2772087 7968156 
96
4315819 6729734 7706141 5299202 1501532 7041772 2939150 8436799 8535054 7859540 4124609 7271387 8374253 9148474 3487760 3834030 2744238 735190 9421496 9600687 5416487 7238382 9401346 6941193 7002670 714266 4832643 2211048 840716 7262609 6032607 870140 1495749 2797339 7524818 6485059 5041279 5315989 3871966 4261271 7710070 5582469 3208080 8908918 6129242 4020887 7515135 3781747 9664933 5811347 8111282 3682806 1294133 9237595 1510590 906902 6111162 472551 807530 17114 7168577 3729354 1930544 8110068 883538 4056204 36867 306120 2023212 3938934 7657175 618574 7345221 1833079 2970308 2495617 8468698 338115 6369447 7045189 9809262 9761731 8164031 7218306 2914200 4535338 6446075 3809031 735732 5615238 4534584 816966 1836496 8688917 5200463 2420893 
41
7078884 9862833 5121692 6331738 5423239 6348800 8150693 3880992 3775175 6269672 979549 2186505 8384140 7631719 9092909 7895831 5765230 1208478 7151006 7127086 1192381 8803805 854940 6546828 9314419 7894698 8747317 1172898 7838012 6461072 9130493 7132953 2550301 6757905 4868017 4754398 2339554 3255601 8345571 6997728 3174246 
35
8716972 2097663 498049 654416 9404848 9218342 9148205 1860762 3624011 8599724 2168134 8553105 5938421 55840 9371761 9541158 1911822 5477483 19333 551875 4327568 4580950 3697252 9247805 2011299 5860047 7166845 4268393 6655311 1837595 2241427 1880265 9224540 4053353 2642215 
16
1884276 7015867 1807090 1924424 9823349 183544 4980730 2948710 4109706 1706072 5310379 8476638 4100377 3776 6924475 4328478 
66
3659666 8608690 4784583 1684391 7166816 9996668 4125625 1977870 8321176 7125631 6272382 5382261 8607894 6493477 6892481 7345373 2834164 9356949 7200462 7558117 7788842 1059397 8259936 9860081 4197272 5660355 5562927 5595534 4462328 4115920 9193831 9526081 7709908 7488359 8130012 315024 8968084 5844872 5736023 16531 3414882 5904173 2156088 335419 3522854 141788 7863603 9804972 1573428 8137650 1992847 3873064 9707696 2933589 9104509 9830460 9358837 2707864 6536585 915997 6318208 71553 1742276 1982027 3385040 8789676 
72
8410158 713010 9606033 5218677 7262481 5950760 9281644 2852748 4852282 3491367 7940246 6123991 3533291 8910070 58057 4503504 8940079 9217558 6778586 7906837 1407870 1270024 7473195 9656334 8962912 2526163 7545162 6409023 4145149 416192 2893980 3488901 8977350 4601470 273825 9626556 8493728 5692939 2783333 5147918 2114489 8399573 7515207 2221054 7115565 179261 5210144 8959861 708991 9160130 3163561 1105666 8615142 6037659 8613161 6856908 1882156 1009132 2752992 5999305 608651 5197664 5895017 6286614 6958662 7699944 3458273 7599406 1008100 9784098 5131686 2447792 
44
6695494 5294168 6207562 7928087 6975070 883634 1853602 2108811 8363280 1423687 7967855 6113872 1519442 2141387 3622055 8532490 3439384 8780786 4341652 3290232 70969 8588763 188571 8647100 693611 5917682 9236009 4139445 7691025 3513384 6926244 5660743 4684134 6709550 5008542 4112618 8668734 5102560 703997 2682762 3115045 8535397 3604918 8669592 
15
2071030 425418 4858017 9855343 7295318 3099176 6723350 7877451 8602444 977548 6509486 3230577 8123853 712340 7266067 
72
9101895 646580 590292 8028229 6263444 2339322 519812 7809790 804823 8084455 8475552 943780 5463344 3550095 553817 8027250 8706912 9885925 9129771 6265720 5233555 1258565 4084513 9562067 8466101 2481701 7507151 2898054 631582 1882471 2340988 2720982 7755915 351660 4357670 8390947 924941 1371328 5013268 6858443 4670562 9378424 3259318 5870657 6457008 3712423 5217812 7542725 7491559 8351515 8755794 2430372 4257912 7108128 4372297 1316797 5406966 6480882 9634343 1929288 1495388 1953583 5125213 926510 8416080 2070867 8529288 2810660 4023343 369645 662928 2099361 
75
1357945 7348091 3460644 5754311 2247208 1539837 9056257 9660748 7553877 8404516 7472761 1546640 6407423 5098812 8190405 8708505 1103706 7733541 5677037 5947147 2965256 7281559 4590583 883431 7085016 7250169 5809917 2333850 8993225 8755588 4494002 7720837 5231037 6197803 9029575 4332295 775227 713968 960489 1646924 586775 5058727 1260588 4072666 6748413 918934 9119113 2335437 2848133 7754284 3817301 1535507 8152525 9785415 7668389 2662122 997233 5320857 1194720 827809 8530585 4718963 9742134 7079257 694530 5366039 6849641 5579587 9450927 3951874 5862207 9097809 4239958 3530597 7424698 
16
6141806 8331080 917719 2427700 1650860 9473824 2016082 1025967 4929010 7513536 9799228 4178018 328821 6097186 8035073 9154285 
31
6890848 6117022 2385132 9859486 2771807 8423176 4873813 6091338 962328 9839070 9774927 28003 9466534 4346773 7442625 6638345 2077092 8325877 1982551 2618269 496825 1878494 6451640 6479874 975920 7684080 4836964 9511944 2486262 7820291 8853873 
36
1881985 1464279 7540228 2606374 2356083 3073537 5629059 7356069 9655084 9531809 6317862 4505028 9794826 5132368 8636871 5929286 7329455 4811065 2760567 8400344 1642270 6596038 1037880 7770737 2884997 4666322 3738921 2788206 2465276 4226819 6355528 4790993 3252292 842418 1931406 6193545 
85
929138 3848715 9751790 9824709 4373039 497610 7051709 9823823 4532048 7039778 8795667 7864048 6737788 4174874 9484253 6058506 822741 6597203 8048736 7369965 766678 1889236 591353 1378689 8253415 2169443 3352961 582030 1361439 4781502 8836962 4433456 7364989 3875325 6379808 6512225 9046673 2976284 9088194 5716197 9557328 5886998 7622895 5378568 8328799 2354180 2480296 9880301 9273229 6307245 1809934 5222381 4926921 2545706 6944965 6981204 1290489 5934775 8686408 8692169 7779455 2073794 7120650 3119045 4287900 6718998 6726007 6141602 2852433 5157347 3428935 4219345 2887736 9292736 9090763 4457863 3044948 9935360 7339964 9006876 5704866 6733016 2636927 4429773 288345 
23
7242688 3983142 5102355 3242717 3687924 3174431 3446521 7111902 8217882 8800360 8241468 9839354 296433 1681402 4804149 1215808 1039362 6880113 2119846 1466660 6637002 4362390 2176561 
23
7410156 5446135 7609163 6871113 2855055 4904577 2443546 5585342 4966854 5515730 4489318 820199 80285 1442096 1199570 3428484 2007431 6633457 3801912 9175091 6585948 2302302 5847614 
85
7366010 8964893 8234770 9153200 6607692 3205507 8515871 9670703 4026414 9708942 691727 1477395 7713801 6491884 5152020 5572915 512573 1683259 355010 959258 4154937 709661 8030953 5939226 4442673 3486926 9891549 1305864 5820723 2733796 844816 1188842 1595795 1908052 7974106 3520259 7009635 2365799 1067321 7848520 5101668 5292582 1986613 99018 6884446 9567026 45914 5055077 181997 3800234 1666081 1207952 1313087 6468253 8331479 4959729 6554394 9616855 8411511 6906573 7701819 766668 1899223 5223908 2986725 7013755 9597543 7052371 7107521 4129898 6997632 2516206 1474425 73623 7734976 9685499 9123184 595296 5774734 8171163 6306708 9109693 9981469 1127490 8154307 
57
1524515 2849132 123641 740816 9353632 2584895 2299213 5620992 6730848 1577123 2329266 4232304 6444860 1081542 3311987 7664343 187640 8481851 4701970 5697169 5995580 6822288 9137022 2952457 9551772 3273020 2529245 1738122 8514021 107101 941697 8448744 6437245 6676996 946328 1831016 476566 966341 631872 3093060 7802332 8670745 1681293 8894073 1648678 4899167 2802889 6275210 924449 1194316 8902274 3612202 4520815 4531588 5107189 1631040 121182 
60
6252553 7354166 3274436 3939127 5387426 5481727 768088 8903098 5683003 1888872 83670 5457738 1253977 4097312 5728080 4645490 6292869 8227198 4655822 9684385 8067969 8533909 8089490 7216721 6336465 5874713 279494 8219704 7011998 9533001 9250926 9102020 1192136 6638935 2261628 2333898 5233040 7237146 1099708 5992217 2850484 2277827 3105996 8698278 7339576 6250832 841589 8035298 4055425 6412088 1175928 275054 1046847 2941119 437506 7897188 6409043 4044168 2606531 5837573 
97
9149609 945952 2547936 2015379 6594080 1171164 6822621 8813508 6329571 1953134 9423283 6222640 7404880 2462634 9335453 6554039 9663580 597930 5919432 4195270 8265326 5256329 7445766 8332244 543323 8350996 3081139 8091846 4403744 1795037 6736338 4236037 5558815 2636441 4304625 1871035 9007607 9774981 9585840 6677454 8314925 4195554 9681289 7360449 4278772 8743932 8199084 477257 1896048 167090 25623 2978686 2148123 836880 6856047 2263872 5019501 3172748 9263037 9313224 3752764 3478447 1125243 856015 7917532 4198946 6343279 6186370 5425745 5054484 9025625 8256174 5689393 2082415 5314180 8209689 8034410 5013797 3827794 2708782 9734746 9567061 6336328 7998243 5749165 8824111 5870266 2056265 8377541 4139562 2735251 8250124 670440 7696690 3875756 6353228 5534282 
44
9231952 8198878 2947115 9954979 9776920 7259673 1853324 6232609 3742969 8632900 5016442 5453191 3633008 9927089 39830 6844297 6336837 8854885 2067810 8127570 5915481 9750581 4403060 9087627 4470001 8322617 7482658 5194503 1813249 6082785 3697614 8331175 7231664 5622594 3654428 4155519 4398581 4288019 1568297 3588790 9540896 8499615 113126 965931 
17
1508342 6498658 786138 2693606 3832789 9194978 9339428 5788718 8412516 1906986 8226922 1053441 2165733 3296612 8761447 7905922 5802721 
70
6104804 5770812 5399520 4264210 6054852 739333 458568 7060449 8729406 299052 5091144 5772111 5357483 8414108 8527937 604045 2675822 5629064 8393941 5945137 3073737 8857073 9414055 2310826 9860376 8410937 5076159 3197853 5493768 8212257 2568173 2690791 7957400 320426 9827628 6464742 8059053 72005 3861381 3796977 2547705 410930 9106235 9986522 7494935 2379394 8970515 7510078 4643495 1916317 5974510 4370372 9252927 4273437 3467532 9819688 5640860 5601802 8524109 5325132 1037298 1154081 3073706 3395873 104363 6031517 1000513 802235 9496508 3475825 
88
2930691 7930987 4344598 9112480 2630840 6123582 3325327 2220683 869265 4893349 7098383 4972426 3090593 214085 5433305 7261857 4269191 2023377 560368 4551924 4744731 852959 9281887 246828 1709910 9739484 9272032 1914815 7783847 564655 168903 5911993 5685656 8878514 8549486 1204816 9918622 1629284 6603187 3231574 2636316 693543 7705544 4110620 9171837 3573717 130677 302334 17055 3193675 221294 5065228 7389070 6102462 6155112 9684956 3093694 4632225 1286456 3669836 107983 8635375 4929454 6119730 1788580 4631180 7966639 1343403 6235314 773288 9551353 8236682 5301415 421613 4310389 718209 9640023 2630083 8859976 33528 4108787 3405118 7427912 9982442 869376 268750 5345060 7081343 
78
9518726 9304042 8337921 69215 6560734 1396139 8578645 9460656 8958936 5980689 3512635 6489615 7973427 7701340 3301826 4914836 8770260 6632484 3128524 9963522 9744016 231812 1522118 6155877 9319408 1206913 6710133 5503114 8309362 9029853 9624153 5108297 3630375 32990 6086095 3105428 4281953 9603886 5909691 6855979 140599 4126832 8925138 3021594 4799315 6557523 5323135 8362696 9356890 5879360 3557602 5629403 9483407 2889090 5644922 4954226 3596327 4371942 4887739 5101634 6325971 1991347 2813992 4497522 7585670 7051857 9032889 4824283 9461347 4027470 6075691 9711435 8219211 9446987 1387212 4717796 9090664 6021797 
73
9595036 2626117 3963203 6704369 4465881 8680116 6517368 6208070 1144433 2425197 2333367 7280730 6609556 5516532 8916775 465420 3974656 2490197 7499277 9655440 6749425 5577830 1871565 3522572 3866892 8473727 7833359 1842947 3902496 6317756 2201087 2924560 3839058 6993485 6074509 1129580 2405306 9406559 510690 1119153 9002914 7882284 7117409 3217507 382434 3195365 2899550 7978536 1988870 9430546 4182171 5571646 6432714 982393 2359949 5906442 6373457 1313293 8592888 9174240 5143033 1598307 3237995 3109445 5335904 4766836 2117109 8631706 63910 6219965 5060661 5414032 1679850 
19
9474599 3044325 6691595 1411164 7851520 1360672 6477843 8836644 6135800 9413664 3727167 8858387 2580067 1839678 4760394 297568 5066127 4174177 5948527 
61
233763 7123736 5062548 4980059 4939087 1518057 1637875 9523276 5977858 231234 9262343 1939325 1518100 5486955 2262109 2859598 252653 2210989 5606193 9097472 6026862 9336792 713312 4510122 2720376 2228658 4966167 5333006 9597412 1838066 7231554 289963 2565642 6157982 9427008 587641 726449 3679521 8199530 2772904 4991457 4132610 7320386 8532090 7383378 4784408 1003026 5959924 9668160 128426 4393442 1671404 1619731 9858302 1277557 7930643 7344425 3337179 3797423 4569033 5223699 
72
1934095 2990159 3371803 9368282 2319641 7792743 7047921 2887671 5113722 8260964 1844938 1215377 326280 9259965 4683533 2604805 3533674 9493520 4239668 1902016 7752503 4595143 9860258 7498676 4668223 5098040 256370 4977993 2285885 5742038 4135857 3742275 105830 1661794 5256539 6818065 6244827 7062731 510850 1925860 6814508 3454406 2187924 5805555 3433231 4520839 5337179 2086480 3654732 536570 1361249 8030185 7255767 4468409 4567581 2819834 2834358 6011211 4783560 9270138 7236223 1915449 5399861 2935903 8887067 4303043 8908377 2299683 8704497 7143517 4556275 6805941 
71
7033275 718332 7765190 8278 1864908 5239325 129204 983900 4333925 3402762 882309 5284325 7192926 177666 4428785 2156845 7725747 969441 5923856 2363173 9158002 4958231 3251738 2334439 3688232 5086116 3820463 8493447 1322055 919104 1866042 8501833 1704649 6594565 5818791 7319334 9540618 2791488 1958930 2814658 2259244 6013571 6162210 7330686 1958672 3337224 7958527 4484005 1646376 8489244 8213172 834898 1806548 9601422 7238601 1145599 8823202 5916130 9067975 707408 7825504 4664178 6138371 9370180 5198907 1448042 7614898 3100060 8008582 6470223 5212588 
89
1314471 5322759 2544624 7680888 5434689 1800881 6506867 6124743 7828462 5501019 1385100 524878 2923377 3281282 3061856 155222 6434607 9715522 7432405 1150289 730640 801111 7084872 7110943 1063445 5555052 2100317 2814863 9052512 8193650 4732969 8723973 9312267 9487819 2154447 194311 6229914 2753794 1640954 6669480 5308518 6016193 3080958 3615335 8595474 1581462 724752 6811869 2619094 6043781 7457450 7160338 7105913 4461459 1787151 3507112 2176994 3442553 2319384 54287 1447293 8346231 1927543 4141399 4887677 6345155 8675095 4616263 9537778 3159750 6240539 4666323 1400882 1438014 5197088 2147611 2126646 4638417 4469427 1501663 8194936 8245466 7449738 5166454 6201654 3474007 479542 4526290 8360235 
57
1657036 3116589 2911500 6893295 1362003 471675 8917891 5044912 7544283 6327276 7867611 3138493 2170493 8912106 6178721 629819 1883797 9757537 4228950 3753107 5104493 6565355 5873906 4140717 3455649 9448483 1443235 9962349 9760726 2068695 8181771 4028156 1077565 774351 2252185 3640710 950962 2812019 3586788 6457631 5562268 2355733 4618526 2368483 9076976 8903733 1949372 6765503 9159185 968080 9073851 8870056 1474620 8933734 6241397 9150676 2364993 
88
582128 7506131 5086022 9424542 7078688 7400836 186719 6622977 8855259 618050 474766 1984042 5644197 8910676 3148641 8087368 2536340 1863213 9068619 5547240 2759180 9051728 9866731 4233280 2408935 2077795 4078148 537000 1348486 2913038 6357849 4987991 7953581 7859925 6928430 1156313 6546449 4966431 6543681 8991920 7607854 4487160 4124200 8965858 8673726 205169 7320573 1748845 3479437 7535442 8876172 3082143 503365 2644029 8412626 3646333 3339699 623301 3645402 6345033 222099 4884512 1507736 87277 2359986 9321359 964776 307473 2274735 8497514 5767861 355992 7101621 7263580 6857091 1999014 1647169 6100037 3753599 346199 3288132 1793558 4722915 9353199 3086284 526863 3657209 1132824 
31
137041 1823104 2863241 8532641 1872468 445697 6872689 5015852 4759873 9499741 5532501 5032718 278087 7974082 3062163 8282191 364787 3128024 6150780 1698099 8722405 6096689 8995632 7959641 7676509 6905456 3210758 7410609 9388754 5584072 7647534 
42
8193153 9420629 1120556 9063145 9491707 581102 8600651 3926053 4102143 6357241 8959904 4985175 4205045 5220279 7216522 139706 6298902 6445752 2417044 4123696 6798636 28270 3750262 5503175 7858266 8351401 8017008 8258545 3392948 5385541 1553025 7748005 7470731 7958424 6340983 402686 6716456 4795678 3512961 9378053 3977618 7830820 
24
1390855 298992 3673515 4850187 8309351 8312650 9745287 5239477 8286064 978908 1507517 5218310 5083482 6356605 9449526 8149326 3445200 3855306 4373983 4531317 5338571 6794099 8758376 1858261 
18
2762451 1376406 5772288 4057704 3609749 8342035 6309135 5815125 8198262 7084074 5872483 8837858 5380335 1111541 7136609 3923057 5448295 1401162 
29
6040814 8664357 1623777 2783836 7597847 3815758 3470189 4721689 7435773 6776925 3276431 2333473 5654429 7435898 4926617 8298919 211843 4444230 1821623 8353303 6671344 8724691 1740595 8316421 3451095 9000126 7555806 8177185 7762510 
26
9724591 2163346 4278667 5826447 8901664 8388813 4721560 2579559 5887962 1961807 8166583 2518216 8986607 1874199 1787677 4067318 5056386 2439848 4619245 4217867 825938 3692692 4010086 1350771 5175650 6560468 
16
4720453 6375276 3266096 3926672 6675844 3839602 9388725 4891710 565751 8408562 3893064 6863846 8529454 2395061 666172 9465899 
100
4139936 3925392 1720300 912077 8246586 8525196 9553377 6179839 4646605 1154444 5788597 2751294 5035537 6737143 9806178 5677630 1393820 9125960 153512 1073376 4329221 2442120 9236215 3031018 7906348 3854173 7341736 7483500 8256271 7306412 9270395 8373874 556539 4902670 764464 1752227 153623 5565822 3179412 427986 815281 2217625 1001488 5343003 5434080 8375597 3893442 5498847 9874509 4345419 3751400 5997332 8651573 5147740 927174 8745817 5847722 6525779 6802994 7500408 6639470 4893518 8588935 9531689 3952897 3057681 2822101 1680268 7771586 8314041 3493386 3672817 9933733 8639931 9198883 5398947 7318172 6392139 4432233 1380202 4486718 3635367 3880174 8698304 8870568 2577771 792381 2882849 9869133 6529439 1114754 3562732 2463652 1429860 530981 6071268 1369880 9204271 2530868 3481557 
23
4471844 9601850 8704358 8240260 4358080 8345830 7723 1841692 570853 216923 1401792 912303 1372466 5574720 7807530 2300733 7628031 8339156 9683121 450450 2182140 8395640 4997799 
87
9456872 9602537 535315 6653224 7402147 5966147 1076604 9336720 7729320 2534394 6282901 9493075 8345770 6736282 4666925 7679186 2745586 1943777 9114075 8611115 2380051 6611783 5193484 2842017 8904194 3046228 8735464 1489894 6904655 5829907 650073 7293803 1577331 4228580 5036245 4523723 10282 990007 4923103 415622 2081414 9670127 3285084 1436056 9380631 9912509 8039372 648661 4445537 1356089 1532949 8989836 8103594 2624622 3631055 8171698 2862060 7173715 9893243 3090576 3502888 6071475 9835710 6585529 6230588 7300054 4821858 3626004 9296016 9401913 3254105 5501879 2912181 2319280 1302010 777161 1911942 3489356 5648891 7273441 1603776 3868748 3515800 7066254 1882966 5824682 6194389 
29
4624299 3761420 3409243 1878488 1342856 1229900 9386059 2918520 3783256 9543746 436305 2839576 7178111 8844244 9354146 178844 5287816 9131804 3790627 9721718 1260804 207409 7139318 9638800 1824161 5404547 2018434 5422446 9968965 
43
9467839 348003 2044881 2765711 874597 909108 516659 3546701 569664 7206107 6823731 4489501 509118 4429923 4007671 5766797 5969267 9153611 3184489 7705375 1567274 475886 3216052 3772635 8239711 8203600 1600020 4200905 3233608 1763831 572236 8642495 9730680 9629308 2742175 9717203 4216749 504087 123464 4253499 131791 7731884 5793166 
62
3205516 2944357 3996049 1057550 3473252 6956768 1260502 4805478 7113786 6481312 680424 54449 6115016 2202375 4868341 9923494 7165150 382202 8090727 5527143 358881 4339062 4672358 4744156 1849323 1778423 7259679 8571464 1272742 4860464 6138249 931556 4021134 8985344 4096876 3170453 3452011 7972231 9440267 3413243 2899921 8920780 8943733 6431756 3142207 542230 2439245 1790894 155643 8035551 3468184 1497879 4787548 1479525 3045067 9266029 9812183 3387121 9378823 2471257 7774688 1343070 
98
3477839 661507 5784322 6094533 1858026 1077459 2977000 7022803 9319855 5575162 9661363 2860062 8905366 9559819 6203216 3900986 5745975 9384621 8273975 4528983 2840858 5975518 368604 4563062 2556692 4660429 9533434 2102869 7954919 990561 4775765 874433 8352928 2910913 175190 6112498 2813205 7278978 417773 9087297 3212793 2647490 2736257 7578490 2203180 870976 2841175 2213964 7929670 573116 3243448 4595436 1999052 5891777 7801144 1345159 6908389 5053498 5767076 6388835 4356271 4251349 9623303 2853128 4300488 4059939 8896087 8660955 9288340 4258107 5498039 2006510 5878522 5448303 3574149 7440840 4576949 4538036 1380657 2921505 9654242 2326239 6479651 220402 7169058 9094623 7639089 580354 9417953 143875 891990 7497004 7927219 619398 1799818 5530938 7940690 5699250 
88
7710625 5770847 2197442 5325668 3661098 9579041 4514117 4712360 265923 2029254 6400774 862636 8152281 1966917 6563893 422493 5590999 8390405 4188639 5795798 5707831 984938 3391578 9577865 7289802 3644434 8438621 5081339 7383248 4627986 5008729 3653854 7729554 2497522 5584651 5851917 6469506 2347641 3524280 8570357 5458399 706538 7990885 5916791 9995574 2197542 4739881 2459536 8642584 6492942 5995951 3939674 3665076 3926719 5761017 7024120 8674155 7404524 1063810 3307023 3146585 5685759 5188783 9574181 381941 431942 8613419 8804425 115467 6141076 5095357 9786608 4201402 6482247 8470435 4997747 5530726 4983600 5129418 2616855 3656534 7306529 5523598 5844793 2346338 8169330 6716789 3364697 
81
5675506 2422852 5356276 1557914 3878012 1778206 4798533 7144630 9052358 8179315 1181204 6142861 2089953 4054239 6091481 2601873 4145406 795625 1899057 2144168 8265932 4683547 3775797 1787964 7510040 3162526 3910873 6224095 8219909 9071262 8625281 947394 8020244 3773087 6557073 2354573 262681 1614983 9488148 5000381 3738128 2565274 132047 1682855 5817833 7830531 7416309 911129 9439965 903140 5612715 4670663 9958391 8746619 3714590 9149677 6383830 2166256 2549601 8608920 5010661 6601351 8279154 8504707 2835582 3493534 1180998 8581942 5240570 9541666 7092743 7067931 3025933 3723824 5742410 9719113 2019550 3579637 1266640 2473045 4110565 
55
3324902 5421180 3642804 4058149 4083500 9862617 1720453 8407283 4957601 3710622 5680682 4898147 8949554 5430929 5255368 1918574 4225192 2003148 5313669 1080902 9918977 9902975 4972495 5223705 2743629 3867547 3848374 1383560 8689761 318160 8614306 8693672 4345821 8642181 5604899 312299 1411104 1221633 4646031 6047836 1937431 1524693 2634926 9407322 6223670 5090133 6787564 3178237 1294878 6907874 413634 9184096 6204668 2462873 1937780 
84
8209530 8427632 2042340 989620 9092953 7765328 8870349 9245669 1550090 1359264 8435357 804288 8904289 6137955 6830356 7739159 8468504 7713421 7888143 7836367 7617932 7926691 7996520 6516796 7102746 5458890 7697507 3201265 2791007 9742051 2632268 6635277 5946951 8228147 8358452 947473 2423336 8705825 8340243 4563479 4960896 7817473 5435386 4844579 7241084 2976894 3397246 7786920 2012996 8238661 5081337 5666736 3251287 514104 3417141 2356043 4289346 7944331 3699811 9418390 4435324 3123427 3351581 6646101 6910804 2382883 2244708 9088397 3680403 1079289 2389780 7959836 8438205 7392618 7190350 8391978 2803244 5170155 1990538 9706792 2359111 6892973 2815407 6530259 
40
4293915 9422585 283991 3173222 3700569 6437814 1032944 4122469 4619546 4069250 3582631 7753295 3156186 10732 635107 493459 317096 2576525 2394187 5206719 2015643 9865302 5930023 4449194 9651610 8341545 2446634 604041 5818332 2817640 7638629 6045000 3147934 1019001 8808029 9491485 8708031 2944600 5618163 3087483 
70
1005307 5523084 3017248 5259312 703820 6512571 4346375 3282181 4250524 8169203 2192480 4196859 1730232 3717591 1147773 1297546 2471064 857356 1431006 8794227 711729 1577343 2076054 3081481 3323672 8915055 4737524 9218052 6260915 4065419 6591790 5490703 4559269 3006242 5387213 5132157 9649080 5345780 4360875 9156098 900341 9826685 1528005 425217 6919435 3367152 9768370 2175916 669774 4767642 7864826 7961976 5046490 2023060 9252536 9946525 267439 3810344 8652019 3574309 2640683 1416237 3182862 6144114 4754452 2194956 3958291 5853975 4093789 9746115 
26
744397 7140086 8646058 3115834 2261523 799041 4753391 3753219 9227762 7816656 45838 646146 7537149 1594004 5872520 8915749 7834921 3657778 7452515 3307768 1784373 5379384 3977685 7989900 3866806 3252053 
32
557356 5793339 3564908 8326528 1997625 9395329 841793 8695576 5575298 8540045 9780402 4288548 6174129 1623066 9261767 6601695 7005240 2460213 3928497 5717206 8991317 2035765 2977885 9798538 2757683 1516446 8863384 1885805 2003071 9623938 2424743 5119605 
69
3554191 7609765 690738 8276946 5788495 9509080 6553606 2239888 3999853 1385448 9391773 9237079 8388812 4955990 1799569 1915974 263586 557321 4075126 2254030 8147694 4752709 1046208 4113553 1589906 4247229 7256866 8302878 3426974 5394310 6155331 3054624 9718873 3701058 5255337 35763 6526035 8671990 8637266 4479379 7232128 9989150 6212100 9541604 2459837 1964784 7760273 2600780 9867814 267949 7661508 14978 9595890 8309511 5649190 2873035 6842201 2893269 3050981 1308627 4005476 2048584 7287902 1940504 2856284 9213766 4220943 6462329 2708919 
71
6927326 1060162 3879597 7797154 1947702 9842576 9290782 5070271 6586434 8290414 5310102 1810119 2412438 9609866 2418907 6994825 8476213 5970740 1523959 599271 1684908 1163843 1426324 2480834 2865485 6962992 502712 3249128 5253033 1653593 9552642 506166 5652922 2620612 1448784 639092 6765733 3883116 1762236 6512965 5972565 6146181 6960426 1419743 5620089 3514419 737030 894281 5580258 8534777 6730533 2562144 9604838 3727878 5746375 7600914 9997772 4147665 4244059 8299604 6245803 1745675 9090529 3350920 1235828 5750852 9982655 743821 8114828 3223336 5313658 
39
4107414 1811957 8005325 7044927 4462286 979451 2838667 1473978 1614899 994856 5063642 7103407 2775807 528190 4815571 3830632 4398484 6653985 8505382 1014141 617940 4353315 1215830 9183171 1436795 8933843 7306560 3579377 3651637 5610288 8769093 8805085 2260002 8040565 7965873 4515922 8448359 126256 1554236 
89
8360870 8325387 5943118 1286779 5595664 7803117 1044363 6435783 6135619 7068113 2332841 8037109 2829847 6226897 3427042 2621349 9370741 7473969 6366817 8569695 8873892 5927072 8981944 579382 192391 2259168 3390528 6138147 5948397 567184 388288 7825998 3551173 4028575 1085044 5939302 9209946 9663893 6849851 3392752 7625515 1116782 3686907 1053280 8939245 5413495 3397836 8429616 3137535 4126277 5450795 4287082 2940534 2726987 8375850 828866 7461338 2186402 4517726 8021848 7996596 2957198 9829373 2262665 8862149 3911653 3264271 8016149 9417478 8360001 1153619 967298 9959898 5056230 2972517 8500888 4722557 9640781 2346625 4115582 538771 6472677 5146462 307966 2635416 2589832 3989741 8912124 3962688 
16
785267 5769545 8244807 3523084 2003760 4389255 6638258 9325343 3287931 3566619 4518660 7894932 4717501 5721454 3855048 1246236 
99
2509003 8611880 3532892 6246838 5868363 2504050 6249637 8231694 8408782 9998215 5984805 5757577 6908209 9620040 6875441 976432 9394571 2860501 6985261 7664575 2266539 937660 138989 6173142 4492743 1605777 5202971 6473782 8097591 892904 9557344 9619476 5265542 765344 8539435 9160675 6997886 8181208 8978547 5362700 4005945 3459428 5913092 9527314 9000836 3880986 3825570 573434 3295251 5492372 4812234 8045514 1684362 2393560 428842 3294044 865035 2061008 7010821 1719048 4221705 4921735 7169791 6464918 7578705 4670417 9368128 8081798 5148167 973781 8770459 9463419 1515176 1686437 3713687 612536 3159017 9463682 2856446 1702531 113223 8411949 2202466 8779286 7345091 6813000 5449458 1322350 4840064 5922613 6541357 4669504 3613569 2644750 1954494 7860485 7782804 6972561 2624116 
25
6934620 3780099 2780422 9029091 3459520 7170686 8093612 5810871 5383193 6163297 5209107 7520439 3067241 993871 8332288 3595956 8445788 6975394 5023844 7333046 6453045 3967723 6008175 7636849 6823941 
73
5189883 5627596 3263008 600343 2395648 1169476 36326 9042695 6026319 7435835 7107705 6362869 9070671 9612208 1154080 1996939 5117458 5337261 4345558 5659340 5373716 3396894 916075 6539746 6966975 4826077 1447366 5634812 954969 4890323 1226094 176870 6866245 4617955 9050457 2448270 3391340 9246066 7602709 2547433 2319870 4891630 8777548 2428001 885142 1771485 6232711 4117105 8454826 4244647 5972052 1062351 2248559 3623987 2358089 429368 8814001 490552 7271304 7852736 4281877 3008978 4943340 2828517 7922039 7781904 4473138 7093140 8151386 2483560 4528448 9117736 8570492 
63
7964095 3468584 6441453 6668889 7423223 5653202 986084 5654949 2721811 4523841 4332011 1175556 6234748 803028 1684938 424138 9981925 2525718 7226919 8782509 5323417 2538137 135661 4861063 2621695 4196463 4886777 8417418 8014031 7718279 4638417 3701858 7505696 6303507 9397135 3100002 9696058 5986293 4708148 5534614 1670164 4768258 4860443 4452908 5009795 9040682 9419552 1191078 4448255 1878901 5015733 3991458 5847375 1329497 3350467 1118877 3930232 6006788 4037933 5654008 7764361 5651641 5630941 
31
8124918 388953 6169275 6230067 9805830 6149941 5297912 1619507 8501463 3100799 4790577 2232637 456881 6543646 643256 894705 9055100 9754576 9141393 6317486 943450 1532352 6817836 4948572 3809735 3941032 9932070 6891180 8616121 1065281 1066208 
45
9276492 2341828 2259763 8599397 2527394 2048724 6615100 4698317 6846106 4707260 4500527 9569841 1720645 8191009 2760686 1101239 6428839 5690504 2639816 333101 3480697 2059280 7755092 5657874 7597266 5441785 7504170 1857138 8835836 8667133 5001321 7161624 9048987 6790389 2062209 5284412 7770675 1364781 7267278 3247523 2721375 165328 9152347 426402 5241796 
81
5782131 9505331 9492267 512111 5293373 5063699 8300728 4669761 3038274 1567573 9903736 453403 5779800 8416643 2389289 5511977 1331728 9141019 1584627 9275419 7737150 5741322 4386449 3783769 1206961 5950901 1893415 9881767 8571205 8235211 7053359 9946469 539071 625114 6217465 8920672 1270819 2731715 1447689 2886044 4810910 8455820 7292490 874740 9261370 3268599 9538056 2687926 7318341 46280 2343463 3339294 5343812 910247 463095 9024105 1430365 3332560 8205872 766313 3932534 9295825 7558602 1357522 8223366 4995463 3458094 1132681 4792604 6392999 5330189 8547025 8967214 2561508 1315520 3946537 9356181 3236114 8117881 6428678 4663872 